3214
6029760
2993
2019
2073
1883
1937
3751
2870
2219
3638
7755
1978
3362
2033
4655
2437
24362
1898
9914
1940
2254
8657
6556
5939
2022
1876
1969
2547
17508
3285
2760
1950
2606
5924
2539
2433
1895
3647
2674
3285
4245
79084
2487
2273
2834
11798
2381
2352
3765
15872
12837
1899
2431
63715
2004
8459
2439
5267
2060
2373
2725
2909
2749
1929
7162
2396
1879
1918
1986
1958
1903
4244
75661
2077
3427
16105
1896
5586
11666
2688
86329
1896
2532
6508
1945
2477
2032
3607
1969
4424
2634
2191
23716
2021
3132
1919
7359
1888
6730
2764
3292
1901
2390
3662
4128
2456
2059
1923
3904
2155
38933
3589
1889
6752
3283
2189
3546
1926
2351
1956
1935
3031
1939
7896
1910
3308
2856
3690
6950
3313
5205
2122
1983
2275
17839
2681
3394
3169
24340
10743
3971
2978
2444
3810
3185
31950
2449
2175
2219
15289
7654
4238
2002
2090
2034
2955
2012
4943
12436
2071
2063
1999
1905
2684
6297
2398
2158
1925
1993
3625
2064
3837
1923
1876
4420
50053
3670
2832
1996
9851
1912
490081
2064
2201
3218
2009
2078
1889
2903
2043
35875
2003
2338
9671
2145
5583
2823
10482
2576
19177
2279
5808
1977
2262
2348
9575
1917
7228
2103
2253
4064
2011
5367
2199
5259
2724
2530
4785
2543
2285
1988
2170
9816
2914
2097
6152
2454
8459
2026
1900
2085
2362
1903
2549
9223
2435
1884
4080
2101
3797
3933
1881
2562
4560
2896
1918
1981
2518
13478
3177
8557
4811
2436
1979
2073
1940
3076
1916
14261
23289
3348
705921
2106
6191
4795
14595
5436
1945
2441
2010
2119
10184
2908
2938
1965
3131
34018
4432
2254
30227
7620
2831
2073
1879
2326
2239
2555
2451
12243
9046
2632
1915
2167
4350
2168
1899
4580
2977
15608
1880
2651
1987
2136
4198
2237
1986
1891
1950
65721
2174
2874
3991
2215
31165
5283
12751
8598
3612
3024
1975
2003
1882
2093
3730
1933
2462
2371
2050
2544
548340
6211
20044
2468
2078
2093
4652
10087
2126
1902
3981
2242
35677
3595
2109
2320
2039
2429
2182
3262
2648
2091
11039
96630
5204
1966
3158
2302
2866
3056
2450
2479
2529
2214
1999
4397
2457
38555
2655
4299
2317
12901
1982
2419
1894
8512
1884
2163
2963
2813
20619
1912
720798
1887
1897
14623
2023
2792
7106
2715
4884
3176
164613
2600
2040
2500
4869
2102
5542
2437
2727
3241
1919
1999
4171
7759
2303
1953
1882
1905
2056
2263
14585
2156
7425
3942
2485
4421
2969
2403
2560
4302
3579
2392
2575
1915
6048
2007
2689
4555
3747
2445
3138
10322
10290
8158
2235
15256
1949
1970
2602
1929
2182
2261
16617
5751
2918
4052
2884
4100
4339
2553
2281
1908
12388
5334
1977
3103
1975
2763
3354
2059
2038
2112
8958
2576
4458
5008
1966
2176
1887
2173
1883
2273
1887
2611
12757
2725
1880
1999
2118
2607
2349
5384
3957
2005
56008
2003
9529
2736
1956
1913
2123
1965
6841
2349
2167
2260
3196
5744
2082
1921
3310
6626
2334
2408
5483
9298
3486
7113
13928
2176
3284
1890
2098
2502
15557
2124
2498
7120
1952
3900
1915
1984
2784
2166
2796
1907
3941
2363
1977
5619
33752
5300
3161
6860
1967
2505
2096
2803
2928
1900
2161
2671
5250
2568
7701
2719
297436
2380
3271
2199
6030
2342
2628
1877
1892
1921
1989
3153
3882
3567
3796
1961
18741
1879
3501
3323
2935
2049
3466
2923
3043
4656
5903
2271
4693
2870
2776
28779
2552
2024
3016
17323
3578
7284
4658
2145
1988
2504
7443
3109
2297
2236
5969
1897
5215
2510
2205
2674
2200
6173
2312
159125
2814
2145
1884
1923
3305
3983
2537
2852
2120
6095
2886
1895
2528
2292
2035
11373
46354
2070
1969
11001
5378
7022
3694
2131
2136
7574
6644
1943
1888
3441
3305
2472
2672
3393
2813
1973
3816
2145
1913
26742
2057
2868
3409
4405
1893
2032
14854
3832
2236
2700
4668
2186
9017
8563
2000
1883
2407
1886
1907
2354
1904
2393
79058
2704
2903
2000
12550
2203
1989
1881
3960
1929
1968
1914
1910
37723
422520
1883
8830
1941
2145
3746
2124
2144
2010
2040
1883
2274
2297
1888
1993
2771
14666
1928
1953
1922
3008
7939
1950
1884
1918
2642
3306
9437
1944
2587
2955
5843
9396
2000
2046
2080
7019
3870
15664
2977
6777
1884
3529
8589
2674
2119
3514
4625
1935
3613
12064
1955
5772
2471
2637
6463
5586
3434
2848
3330
1900
3121
2081
1910
9941
1876
2439
2796
4587
2722
2617
3161
2031
2160
4484
3783
1939
2686
99320
3175
4577
3483
7089
2717
2054
1888
2300
4559
2857
1956
2305
5315
2794
2193
2392
2249
2848
2135
1937
23208
1900
3262
3151
56760
3545
1949
1915
2491
2734
3181
13263
11242
2295
1881
2670
4627
4815
2042
56743
6969
2120
4915
2441
1971
3604
2387
2253
5321
2342
26667
2997
2103
2091
2113
9528
13772
4785
1893
1905
2009
3471
2028
2105
1967
1920
2241
2171
2060
2925
4337
2570
2063
39262
2417
1954
11844
2325
1971
2426
3546
6248
1954
2014
1970
1889
1899
2986
2074
2607
2554
2033
1887
2725
6637
2119
1917
4032
2764
1947
1883
1982
1878
2405
1884
3399
2225
15310
13892
8462
1908
28009
2217
2579
2138
3461
2829
2002
2157
2483
2692
2046
2614
1885
7172
2148
2367
4116
2260
13629
1949
2731
7731
9967
2609
3026
1925
1919
2243
3306
2467
2416
2152
2719
2121
2422
2008
1895
2060
2009
3855
3762
2114
1924
18059
3646
1976
10418
3211
2990
2221
1995
2615
1893
1897
1889
10006
2552
2121
2290
3304
1905
1957
3639
4558
2014
3204
53584
2070
1998
61733
13624
1972
2864
2823
2879
7953
3011
5196
1935
4229
2736
7453
76979
8884
2647
1933
8369
3566
2793
10140
3828
1958
2696
1913
3001
2010
3753
4556
16397
2086
2241
2726
1995
5177
14902
2446
1887
3576
12939
1985
14983
2150
4023
1954
2820
6886
21541
1888
2443
2721
5574
1958
13910
2143
2848
1885
2716
1900
2335
3344
23238
3081
3864
2614
2787
4970
2063
2159
1876
3802
3095
3092
2035
5723
30488
1896
11824
2000
2409
14990
6306
9915
3533
1896
1966
5312
3737
2102
1955
1932
2380
2746
4632
4793
1938
2293
9903
1921
119764
1928
2802
4234
3640
1939
2138
7168
2031
5185
2133
1906
19648
2312
2282
2471
1919
1894
1938
2690
3198
4222
13431
481487
1882
13422
1961
2609
2629
34954
20282
3694
2688
5728
72245
1903
2271
7369
2133
4940
4349
3639
1954
3624
1888
1888
5951
3156
2085
2339
2151
3954
4454
2765
31833
2926
2425
3108
2614
3001
2085
2318
6859
4177
2059
2169
8142
1949
1979
2476
4080
2001
2020
2741
2201
2582
2985
3113
3405
6192
3356
2083
3741
3216
1878
17769
1995
3564
1973
3590
109076
9746
1878
6937
3103
8373
1899
1929
19609
3173
10967
1994
2068
9873
11826
2357
2028
7744
6514
1969
25672
2291
3344
1992
6870
2032
3071
1991
2136
1938
3190
5445
7253
4847
1900
2034
2032
23848
3262
3504
6321
2760
31259
8759
2241
2371
1962
2667
2730
2075
1989
9092
2080
2548
2020
2946
2875
2990
13704
4844
4892
2425
6542
3355
945487
2021
1243799
1930
2821
5168
2153
2348
2368
21916
2491
2022
3383
2022
2636
5648
1957
2366
2455
2734
2164
2393
4621
3413
3211
1974
1880
2194
14960
4484
3328
2762
2099
2422
4583
2066
2521
2094
2297
5099
4804
2897
3584
14777
55899
1996
5543
1932
2900
1979
4697
2102
2627
16186
2313
3912
2289
4835
11641
2259
2455
2005
4223
1909
4991
1877
4201
2089
2875
25486
3988
4374
2968
2018
8993
9602
1908
2530
4606
1920
2079
1907
2229
1920
17548
5978
6456
2811
2776
2140
1987
1927
2388
2450
2123
2213
1877
2568
9803
2035
2274
5417
2846
4810
1903
3385
1885
1974
2080
1950
3954
4967
3002
4719
2070
1986
1951
3089
2809
2305
1886
2227
2868
2306
7746
1938
1933
329378
3297
12240
1976
2013
3040
2829
4857
6324
15884
2198
2865
2545
2389
2145
1989
10049
1913
1889
9240
1934
2300
3228
4207
1965
2064
1969
1876
4395
2831
1961
5646
1879
1950
2556
6622
1889
1881
3391
3009
2680
4291
14548
19456
2076
6423
3039
2220
12442
2139
2755
4057
24455
27093
3281
1883
2459
2751
2308
25530
2566
2556
2692
5351
2935
2504
2062
1882
1995
11460
2435
1974
4529
2028
6690
1883
4574
16779
3166
2010
1910
3528
2772
10322
1973
3062
7190
3209
5208
3536
1904
41570
2734
2096
2683
1932
5173
2592
1930
2400
2412
1900
3122
2107
6405
170841
1955
1978
1936
2332
2065
1916
2006
2074
1899
5162
1892
5305
2233
2099
1880
2505
2100
3212
7900
7093
2670
3865
1974
2042
5416
2739
2340
5183
2142
107632
3655
3272
3627
4904
1968
5167
22377
2035
2175
2497
2943
6178
2807
22088
2887
3400
4960
1880
2458
31219
9954
6090
5759
2122
2620
1986
1961
4272
2032
5238
7421
7033
2335
107991
2060
1887
12403
3686
3091
2173
2006
19380
2820
2678
4320
2133
2140
2406
2552
2096
2303
3987
34423
1889
3453
2785
19915
1930
1889
16936
3880
5151
3965
8164
3075
2181
2152
1912
21660
3462
1879
8330
2446
2892
3816
2095
3601
5112
1973
1953
2349
2284
2284
2321
6437
7173
2306
2040
2726
1938
2337
2119
4237
3370
109908
1959
2930
39689
7215
23203
3358
28317
2696
1909
2190
1975
2378
2727
1908
2188
2062
2625
2043
2009
3894
6098
8520
3560
6186
2601
2320
8695
3053
1937
9425
4008
5740
6703
6618
2317
2981
2438
1878
2055
4828
8160
1880
2975
3191
2604
1928
1882
2765
15566
3160
2809
2869
1895
1932
2338
4046
2094
1987
3244
2756
1931
3613
120304
2576
1941
4271
2469
14411
3154
1980
2129
1996
2454
1918
2136
5136
3432
1976
16296
2067
1896
2005
2107
1925
2039
182727
2114
1980
2969
5203
2611
5048
2048
3058
2204
3318
5792
5172
15395
1916
4993
2243
2722
2282
2295
2390
25431
3077
3722
2690
8895
1924
2397
2742
3799
2059
8256
5345
2242
1883
3929
1877
3139
2241
6151
10729
24705
2130
2053
2255
2392
3174
1882
9193
2659
2696
2214
2215
1889
42121
1931
3028
3641
3547
1899
4525
2220
3614
2445
20927
5834
26869
3213
2173
2453
10951
2094
2417
4138
2579
13513
1891
2028
1916
2871
2031
2895
3589
3162
2134
2819
6328
1952
2315
2194
16512
3862
2038
2176
1903
2280
19512
2953
4028
1880
3384
1929
3603
2790
3665
2966
24154
2194
1901
5407
1903
2112
2517
3486
2139
2070
1913
2634
2229
1876
2392
2682
2748
3381
2272
3476
2618
1922
2557
10182
2053
4814
10820
1895
108997
1991
2023
2521
3247
2182
10911
1967
1876
1968
1966
2049
2493
1922
4465
4406
7112
17266
2086
4408
5621
3639
4294
2535
2268
2889
4312
2875
2038
2408
3006
13088
2596
3037
2081
8021
6764
15971
2008
3983
2356
2706
2459
6644
3627
2748
3703
6895
2087
2274
1915
8872
2075
2491
1942
4069
2673
2256
68430
2602
1909
1918
4294
5583
525261
1965
4323
2043
1916
3002
3549
2742
2879
1926
1877
3283
4096
3363
1940
1889
2156
4434
6603
5865
89933
3700
1940
1893
2001
2069
2482
2071
2276
4990
4071
1918
2694
40267
2071
2851
4483
8016
2422
325778
2077
12018
3908
5046
9073
5170
2460
2266
3899
7311
2941
5431
40961
2079
2191
2550
1904
8895
2142
2387
1885
1879
12462
2470
6079
3296
1968
2535
2644
1903
2076
1881
1905
1907
2088
2285
5296
2308
2881
2719
5555
2229
2968
2293
1918
5296
7527
12597
2105
1878
73183
1959
1939
3783
2040
2713
3342
3426
2416
1993
7686
3907
2178
2212
1909
2698
2819
7447
6448
3371
2653
2207
1949
46359
6673
6145
2988
1922
2418
5938
8704
1931
4622
2741
2099
2489
2200
1918
18197
2399
2498
2927
1924
2035
2162
3368
2361
2128
2270
2498
2730
2250
2795
5211
3752
4115
12720
2262
1970
201142
2870
1931
1893
3670
5160
2199
6800
3077
1942
2302
10069
2321
2485
2270
2697
1945
2093
1927
2772
7277
3004
3073
3779
5845
2004
3572
3524
2712
2021
4230
2130
2888
3713
1900
10905
8001
2158
2925
2307
6448
3251
7478
8076
2545
2039
5006
14508
2245
2208
4676
2213
19094
6107
2190
1916
9326
3861
46521
44248
34939
2159
2137
1891
2605
3344
4299
2396
4059
23298
26284
3188
4319
3761
3065
1965
2376
11799
1888
2762
2435
3065
1888
3493
1882
2011
14180
2947
5887
1965
1893
1879
5073
1909
2153
2401
2174
2381
1978
2286
2170
2537
1887
1888
2545
4424
2383
2043
7180
33970
2080
1927
2743
2792
10444
1894
6908
1917
2692
2102
5573
2925
29355
2152
2322
2116
3628
162022
7462
5484
2488
1890
3431
9111
2239
2626
2379
5184
2185
3813
3189
2089
2540
5269
2168
2441
1898
1880
2456
3344
3556
5547
4759
4263
2437
5452
2259
4340
10103
2832
4531
3289
3126
1928
2748
6761
1978
2078
19685
2053
2969
4665
3186
2808
11192
1910
4276
2036
2839
2152
111635
6374
6550
3108
2108
2084
13074
2233
2818
1877
2861
3797
3750
139039
3647
1947
4528
1886
2032
3057
1893
2147
1876
34102
9650
3084
2573
3757
2792
22396
5730
1917
2331
5378
7868
43338
5887
4355
8252
2402
2358
6205
1906
2096
7822
3286
4186
2532
2106
28941
15758
2034
4554
2233
4842
6009
2322
8348
1975
3733
2438
2765
6350
2446
1893
1882
7966
2114
1954
1988
9752
7066
4202
17669
4410
2856
2155
9288
2237
1912
4401
2144
104991
2672
20281
7752
3842
151938
2841
3978
2535
1971
2377
2227
2474
2419
5232
3032
2066
10625
5894
1922
20571
10397
1881
4778
2770
5416
2519
2222
12871
2486
1932
2396
1956
2844
5315
1944
2183
2033
17494
2629
2605
2825
2213
2944
1976
3567
2169
16742
2648
1994
26029
3697
1907
2004
2052
2180
2773
7846
2408
3458
2035
8678
4484
2521
25535
20222
1916
3028
2457
23027
1954
2652
3237
1885
3410
3111
1898
1925
1992
7800
3044
2168
6347
2767
2286
2890
3103
2123
3310
2214
5190
1879
9868
2057
35238
1972
4875
24019
2386
3893
4490
2891
1883
3731
2515
2470
2544
2165
1984
3992
2377
2681
2413
2085
11422
8112
2281
1937
1886
9494
2390
4939
2080
2654
1886
2812
2088
1997
1980
1921
4117
2366
3550
1976
2749
1959
1901
2161
1965
2808
4973
1885
4579
2824
2823
50485
2078
61085
2606
20524
2357
2031
2055
9388
5206
2100
2052
2032
17335
2641
3601
2138
1935
1902
68391
18778
5158
3964
2111
2137
58010
6813
1932
2216
4306
1968
3682
3110
3023
3662
2196
2753
2395
3868
2494
8614
1937
2261
1929
2359
1936
3032
2550
1991
7826
13507
7742
2075
5276
2007
2493
1946
2980
4950
3532
1883
2419
4382
3084
21607
2459
48530
2184
2260
2890
2183
3278
2073
1879
2008
2031
3343
223750
5267
2206
4559
1914
6591
2838
11283
2682
7095
3808
9176
2431
2093
2970
6400
2148
5371
14600
2197
20131
4227
1974
3524
37569
2867
1915
2890
59577
2261
2129
3601
4452
1919
2158
2237
5472
2311
4830
33719
8139
1892
1909
1888
4221
2516
1877
1924
2293
2089
1950
1982
2166
2704
2286
2281
1913
10993
3143
2172
2855
2063
2137
2171
1891
2913
2258
2639
5228
5624
1941
2338
8860
5600
5407
1926
2361
10948
3718
2675
2701
26737
2491
2326
6243
2094
14891
2141
6555
5392
2044
2102
1911
2013
2968
8183
2727
1912
1980
10175
2284
2166
2710
2060
2020
2804
2186883
3937
1927
4687
4914
2079
2883
2060
4314
2148
2676
3676
1944
2150
2372
2287
4525
4043
2151
11478
52834
2118
3939
2030
2307
2436
138812
6870
4032
5931
2203
1903
2645
3137
15221
1876
2129
3253
8084
2422
2532
27436
1893
27496
1928
2514
2694
8126
2381
12542
2095
2004
3742
38314
2512
2838
4470
2308
1970
60124
6236
2362
3162
2207
31026
60140
1940
3688
3454
3935
1911
8107
3823
5808
2084
2290
2489
3270
19750
1991
3587
2442
3380
2907
2332
2140
2032
1923
3111
2011
2044
22757
4030
2029
2128
2015
3059
5301
6629
2858
3195
3926
1995
3633
2360
6623
2831
2408
24767
2190
2610
5258
2123
2514
2181
31402
15372
2523
2272
6607
2628
7389
3000
1982
2596
4264
7159
15918
2074
2196
1881
3671
8551
3337
2610
1936
2199
2208
2230
7346
114488
2783
8757
2241
3310
4703
4245
1924
2178
3591
1943
2795
3035
2134
4896
2047
64852
2880
1921
2130
441889
2542
2985
10858
4763
4184
2053
10439
2718
3139
2040
3652
129192
2791
2018
9955
2081
2029
1950
1889
1878
2214
2491
17520
6881
3241
2148
3284
2059
12059
2079
2382
3926
2392
4070
6281
2026
2040
12549
3373
3704
2978
2687
4746
2527
1901
5560
2454
1910
6569
2098
2670
3404
2077
2056
108751
3279
2207
4096
1907
21683
1998
1924
1955
3995
1907
16211
2740
3781
7092
2118
1878
3291
4047
2356
3838
2445
1907
2234
3540
2206
2820
3100
4092
1890
3433
2737
2143
2143
2222
6404
2309
2425
2773
3520
2343
1883
1980
2603
2377
2151
3503
2406
2058
6185
2236
2600
1901
2037
3057
2429
1889
3148
2032
2084
12460
2032
2748
3645
2745
2661
2511
1946
2395
3896
2316
2244
1995
2555
5019
3225
2200
2089
3440
2305
1932
2834
1970
1921
7317
2411
2250
2017
2084
3408
1876
4740
1959
2483
1986
3228
2012
4225
2052
4353
1897
2392
3158
2652
1934
5124
2203
8235
2924
4996
42853
1918
2475
3677
2268
14640
2943
1943
16138
1922
2224
2447
4396
2729
2025
7525
2025
31787
6395
1887
1880
5247
20760
461823
2684
5786
2996
6475
5307
3857
8016
2373
5535
3995
2024
4296
4905
1879
3123
5318
1887
2215
2170
2223
2039
2411
2531
2305
1917
116694
2089
3676
2917
3579
6370
2388
8619
1890
2683
2003
1987
7518
12750
2031
2216
2676
2413
2010
1891
3735
2271
2720
2264
1890
2137
66561
3236
12196
1982
2182
2675
2087
3640
2519
23732
3961
2466
1914
6508
2006
2136
2663
2781
2702
2216
6672
3252
6850
2825
2359
4077
7717
2433
2290
1996
7478
32950
4103
2008
2833
6678
42710
1930
5233
3023
2877
1975
1911
2173
3128
1983
6496
2390
3686
2293
1953
12026
13634
3307
2157
5650
2988
4023
11370
2299
37919
2895
1881
2918
2292
3075
15017
2097
4443
2337
114174
2715
59997
2629
2715
2020
3162
3736
2299
1943
2660
1930
1989
2291
2417
1879
34852
2869
2688
1876
4956
1895
2319
2018
2338
4092
3229
4020
1969
3368
3667
2057
2547
3435
2340
2737
9220
2850
33732
16056
1956
2162
2173
2721
46683
4529
2069
1903
9988
2912
1876
1882
4806
1898
11830
2049
1944
2336
2248
2455
1961
2503
3609
2032
2761
1919
7224
2457
62174
2033
2592
2322
1981
7475
3372
5803
5111
2149
2020
2868
5245
13793
6985
3385
1898
1901
2264
2277
2269
3600
6531
6543
113029
5674
11315
2763
2191
2006
7928
2417
2766
2560
4602
3837
4696
3730
2012
2484
2363
2453
2990
1937
3723
2369
2521
4670
6085
1915
2043
5234
6351
3987
2877
1896
9853
2799
2431
1877
3815
3169
6063
2163
2658
2415
2168
5171
2601
1883
3777
3013
3146
6427
2044
10627
2134
2041
1882
2107
3535
3019
2756
2112
3917
2715
2748
9822
4257
1955
2279
1926
2956
2682
2023
4139
4919
4814
2080
6719
2000
4896
11286
4075
2083
3045