1908
75688
41
39
2251
67
76
67
73
40
56
41
75
143
5901
44
156
41
61
55
43
42
106
40
58
539
56
115
178
50
96
68
39
49
221
44
41
41
40
39
44
67
39
41
188
147
47
68
87
91
48
40
42
208
44
47
39
45
58
39
48
40
52
110
133
39
47
414
41
39
42
141
43
222
40
43
297
46
599
80
81
53
185
42
2982
74
75
149
47
39
45
40
98
79
39
207
91
97
49
429
61
608
60
40
68
41
52
48
58
116
44
61
229
84
69
40
43
223
115
43
51
65
46
43
39
40
59
91
53
39
71
425
47
39
180
95
39
151
41
55
81
49
93
40
47
209
48
42
41
82
41
43
49
40
47
135
66
52
41
251
40
40
59
41
42
54
545
40
41
59
60
46
44
138
245
48
144
87
50
46
646
39
381
41
45
113
498
25858
41
154
40
52
40
126
45
63
61
283
79
82
60
42
44
86
40
74
87
80
40
56
40
99
130
52
43
321
77
299
109
39
337
39
58
40
359
50
61
50
50
63
65
50
46
41
49
42
39
499
39
116
106
48
46
40
42
45
46
46
120
105
393
49
164
40
53
42
47
70
386
204
45
300
59
44
39
475
49
46
56
45
225
144
931
58
197
100
42
70
132
44
39
103
53
40
52
65
60
47
60
223
118
44
56
153
84
60
47
49
55
40
61
42
180
72
93
84
57
57
391
40
73
529
45
46
132
40
65
45
45
2154
42
45
41
46
123
123
177
168
44
52
637
45
39
39
75
45
54
52
40
43
107
44
43
39
41
44
43
78
379
48
86
62
143
46
152
39
140
40
45
41
454
90
39
45
41
125
58
195
39
40
361
54
47
41
51
82
40
42
55
390
268
82
40
154
66
43
167
63
45
95
48
153
110
52
70
40
39
47
44
51
45
232
40
69
72
40
108
71
47
55
60
51
67
68
41
42
56
813
77
43
173
40
138
41
72
73
558
45
230
63
70
139
41
101
136
44
57
43
39
209
802
175
43
60
39
45
52
41
44
53
44
54
43
253
67
40
523
39
52
40
46
39
42
39
39
48
52
39
44
39
40
83
129
61
43
774
40
143
42
131
45
42
42
117
43
47
43
48
75
41
60
79
534
174
40
50
59
75
86
206
187
97
111
41
132
42
49
56
43
52
39
71
58
46
66
151
245
42
39
58
43
75
66
68
997
67
52
58
39
39
40
89
158
49
43
12565
46
44
237
70
59
108
153
8476
51
39
145
40
40
74
120
46
57
53
50
58
70
215
39
190
55
78
80
109
65
44
41
172
39
43
224
67
47
39
114
51
47
92
54
156
40
39
39
40
41
81
91
45
79
47
50
86
41
271
564
129
44
55
99
43
145
385
135
98
48
58
45
41
54
56
50
45
89
205
48
39
131
44
148
96
42
69
44
126
164
67
56
99
58
48
46
78
65
69
61
39
83
96
54
64
260
105
376
135
60
953
39
101
236
53
56
47
47
42
80
58
41
42
212
112
47
1578
42
82
44
51
113
167
70
46
60
49
52
305
42
114
68
72
39
39
53
56
54
338
69
76
81
53
224
40
58
50
442
50
43
563
47
371
47
54
40
42
59
63
274
326
90
40
41
71
45
42
40
39
101
39
61
122
45
46
142
48
84
44
42
62
94
44
90
82
65
42
82
98
76
64
39
42
46
45
44
39
176
41
61
41
1783
60
74
53
108
71
55
42
39
49
56
115
110
53
106
58
40
49
45
261
40
63
39
45
63
3926
39
39
58
42
71
50
47
40
103
42
47
58
52
71
45
41
46
49
836
45
73
57
40
46
40
51
42
149
61
129
42
52
143
39
224
81
46
43
42
41
52
39
39
66
61
43
203
43
41
57
54
56
48
125
47
83
234
448
42
51
48
93
41
42
47
172
95
47
46
41
106
45
54
41
123
39
65
43
7781
55
48
67
54
51
55
39
84
101
78
85
55
41
199
40
40
77
39
48
43
51
56
62
148
390
55
39
125
62
40
43
55
61
56
47
51
443
52
55
57
104
90
51
39
61
61
53
48
49
147
2279
50
116
41
43
143
55
40
44
40
39
48
383
49
141
66
70
46
182
40
57
393
42
41
40
72
47
69
46
83
323
41
43
39
49
60
45
40
111
55
1092
197
469
53
40
53
57
253
40
43
283
41
276
39
160
72
71
46
108
39
103
123
87
50
58
45
44
47
94
39
49
46
46
62
53
39
273
59
39
51
39
47
65
39
2650
41
554
177
43
46
442
65
48
54
69
65
116
64
40
108
51
50
704
46
52
95
259
118
41
39
40
62
54
120
41
101
83
60
42
57
122
410
44
39
40
100
40
102
41
41
49
47
52
52
40
42
281
604
43
49
40
254
47
48
249
45
40
66
336
133
121
146
42
46
57
78
40
81
48
121
54
254
318
40
44
39
102
42
192
71
41
387
47
143
48
53
320
87
65
51
39
114
40
50
84
91
302
44
44
48
124
81
39
95
121
335
47
39
43
40
55
39
43
50
42
58
378
39
40
65
47
50
47
702
177
66
84
63
88
135
56
80
188
52
49
161
42
80
95
91
55
54
56
39
137
118
197
43
59
42
39
42
45
42
114
42
46
128
84
47
67
44
47
41
51
45
51
66
73
99
43
56
60
48
39
56
46
79
39
101
144
68
2516
329
396
40
156
158
55
40
41
40
127
63
121
43
174
64
49
40
50
46
41
43
95
223
61
72
41
40
39
135
42
45
55
56
55
53
242
45
42
47
80
51
302
69
61
77
375
59
49
230
141
81
48
80
82
41
78
57
100
86
63
207
83
55
140
58
82
54
99
109
108
72
143
41
46
53
43
40
90
73
39
45
44
179
41
522
44
54
68
39
40
39
52
68
58
41
83
94
47
52
63
59
59
42
662
39
68
51
54
201
68
45
41
39
44
145
39
91
65
66
46
52
39
60
44
74
40
298
48
40
127
45
269
57
58
42
43
443
271
45
246
41
56
225
46
61
39
41
42
39
44
64
56
39
53
91
40
56
78
41
47
50
66
219
41
46
59
45
51
6208
48
54
40
18932
72
44
601
63
230
52
65
64
80
40
100
132
48
73
53
46
4806
47
121
189
39
40
95
222
40
53
133
128
56
103
118
40
39
39
58
49
111
39
56
41
84
39
40
176
83
41
88
2791
75
53
43
345
190
42
55
1487
355
46
40
62
44
67
42
73
124
4856
69
111
42
87
44
50
47
45
92
73
43
104
41
123
251
62
71
67
508
57
81
44
109
52
78
72
41
40
39
40
49
40
130
41
64
54
41
40
57
45
48
68
46
42
69
54
279
45
119
61
46
45
67
51
48
41
40
51
43
44
120
42
40
52
178
40
152
163
70
43
41
75
111
75
53
39
51
621
43
49
213
84
47
75
47
56
53
40
92
40
411
47
41
39
42
48
63
108
63
72
220
65
74
40
5983
51
71
74
77
72
39
63
129
75
182
162
172
78
124
40
66
43
59
39
685
50
69
61
57
1104
61
75
124
105
48
63
39
51
45
45
51
63
57
48
54
269
172
40
73
58
51
42
45
54
76
51
46
122
277
123
66
42
83
74
45
39
283
54
43
114
54
45
42
39
1298
80
174
40
2422
122
44
119
39
212
100
85
90
42
770
367
54
406
39
39
112
166
46
9368
52
56
93
58
186
90
40
39
45
173
72
39
72
47
50
44
109
40
40
86
391
45
93
39
337
206
90
64
40
67
217
56
88
40
70
47
44
58
44
75
40
41
51
39
83
92
81
483
550
65
182
146
72
43
54
42
80
51
42
43
81
45
63
49
39
60
132
52
55
159
62
39
139
50
43
42
60
41
41
42
152
54
62
62
56
40
45
45
40
97
39
440
50
57
41
151
41
94
734
59
57
40
54
89
39
52
58
41
56
44
83
44
42
210
49
39
47
56
727
49
122
45
45
60
61
49
40
53
57
41
252
975
52
106
43
320
47
132
40
198
39
127
45
176
200
64
47
47
68
8738
44
49
40
52
47
51
72
74
91
51
49
14778
66
39
178
60
42
48
68
49
46
100
56
231
50
44
549
52
46
40
46
98
146
58
41
39
152
43
67
56
267
39
42
64
216
254
40
112
50
42
99
41
39
45
115
124
166
42
113
39
46
41
46
86
58
48
46
58
1392
41
76
41
66
53
60
90
61
242
59
39
122
164
67
77
41
73
40
63
128
41
41
58
40
42
51
210
77
64
43
43
197
137
43
7901
43
45
182
43
46
267
783
133
724
44
49
167
49
78
46
55
52
81
51
42
39
46
1988
131
72
135
43
50
133
52
48
74
61
709
47
51
49
40
47
61
771
39
73
48
42