8006
17796503
2329
5771
3144
2636
2615
2504
3947
3266
2973
7832
5047
3712
17637
3885
2898
2224
2229
2529
2334
2255
5798
2902
2334
4913
5889
3465
8108
2297
7606
2311
2347
2407
2247
4363
3324
4599
9415
2753
2249
2287
3530
27258
2388
2570
6669
3554
2402
21203
2398
3120
2866
16324
2470
12116
21497
2345
8928
2226
2675
50885
2287
2955
3003
3543
2785
3302
5625
2548
2317
7910
2516
2431
2502
2356
2423
3472
2268
3600
11541
2298
2372
3427
41674
30375
97195
6119
8454
2860
2844
6094
2294
2405
10428
2225
3675
5248
2271
2786
7796
34711
5975
2766
4182
2300
208503
60454
2230
2874
2264
14418
4497
9007
4345
4638
3114
3201
33971
10200
4979
2550
2254
14978
37494
3051
2233
2438
3624
2535
2338
2650
4933
2879
12856
3799
6173
2384
3059
24105
2297
3776
2307
2440882
2289
2369
7380
7853
258882
13580
2724
2567
13738
2766
4203
6333
5515
2227
8909
4238
8117
3634
2549
2567
4941
2651
2324
2543
2285
2228
8503
2552
2514
23517
4791
11648
4409
2898
2225
2405
23587
6640
2447
20850
3092
3003
2406
2439
3224
4433
3172
2306
2566
3010
23256
2487
4022
2379
3514
2266
2296
9352
8252
3261
2342
3439
2244
7275
2424
3094
2305
5529
2386
2469
2288
2315
2723
3676
2659
3543
4399
4673
3599
2222
7011
3007
5970
2368
4028
15765
2339
6853
3108
8920
469332
22156
2344
23643
3008
2415
2508
2740
13177
2662
2295
2283
2356
2267
8065
2807
2417
2572
8251
2773
5873
4174
5358
17706
7645
2516
28496
2633
2736
2917
3372
2828
4906
3158
4512
2609
2274
4430
2552
3539
2229
4099
2474
8315
3553
2867
9359
2228
5632
2968
9016
2955
2897
4393
3926
2253
4014
3522
5127
2594
2251
3196
4443
4006
5671
3434
2481
2505
4415
2650
4498
3290
8822
2223
2700
2573
2309
2904
2707
86943
2433
2293
393393
2259
4825
2497
2624
3374
2926
4518
2232
2895
18530
4754
2424
2806
3657
20590
2410
2251
22835
11671
2250
5528
3802
2958
5153
2710
4696
7354
2507
3006
2494
2332
8015
2615
5997
2436
4339
5179
3308
2559
6903
2540
4467
2315
4498
3665
2316
2876
2356
12397
20321
3236
2447
2872
2695
2471
2552
3831
2288
2632
3469
6351
71368
5048
23588
2419
2717
2480
2298
6337
2279
2588
2327
3996
2834
2324
4035
2721
3044
2918
2224
2239
19831
23611
2412
15023
2911
4398
2296
5452
4224
9124
5181
2304
2674
3960
2621
2342
3817
12234
7058
4184
2285
3174
6005
3770
7581
2554
3983
20532
8520
2225
17508
2246
5843
4495
2941
30310
2462
2431
2252
3835
5884
4936
2659
24645
14332
4553
3639
2335
4313
2542
8114
2359
5877
5395
5061
3500
3352
2796
2306
2469
2222
4118
79204
3584
2484
6649
5437
2280
7549
3150
3450
5179
2252
11600
3697
2644
23719
4845
3853
3534
3238
2317
2339
2407
2958
3211
2413
27965
2724
21014
2255
5385
4545
131245
13512
2587
6009
2251
15190
2249
3104
2542
2963
35642
2443
2690
2662
4756
3926
2671
6220
2881
16944
4283
4752
94162
3292
5348
2239
32855
3023
2427
3657
2610
2815
4162
2447
2731
5352
43273
2229
2905
18712
1505710
65747
2587
2772
2847
13507
2505
3004
58227
3851
2592
4483
8249
2615
2286
11588
4252
3255
6613
2622
11828
3364
4059
3135
8778
2469
3130
33435
3957
3091
5545
3225
2300
4751
2924
6211
3160
10723
2938
90341
4952
2233
2473
2892
2756
6903
3228
23910
2808
2514
2515
2278
2289
2272
390164
13345
2795
68986
6102
4482
5367
8479
3305
3888
12901
5156
2780
2415
3616
8322
3763
2513
2997
2604
3249
2604
4043
2802
3207
38576
2588
2502
3899
2569
8919
2576
3634
10429
4967
9569
10249
6285
49989
2601
16425
2276
2255
2542
2357
3004
2921
2303
11610
2349
11744
3432
6400
3146
3101
6927
3954
18333
3806
2558
5681
10088
8160
2875
4369
3141
5648
4273
3531
3170
3208
2287
7478
4535
2551
4572
19499
2699
2443
27531
2442
4501
2508
3019
6327
2331
2248
3270
2958
2345
2735
2539
5487
2266
17192
2235
2470
3156
4854
6993
5473
2236
2299
2339
2850
2859
2401
10256
4132
15729
2494
2474
15467
2455
4796
2589
2475
2267
3631
5106
2387
2387
5206
3116
31938
6372
2788
2335
15407
2895
2806
4716
7833
11003
2373
43165
2506
2490
3355
3033
54073
2834
2318
12866
3007
2298
79967
2415
2552
2451
3818
2526
3486
4320
3993
6791
9460
16288
2665
4044
11430
5090
2295
3883
3638
2224
2278
2373
2288
2975
31504
2825
25083
2244
2283
3309
2405
5229
14438
2229
3791
2464
2763
3259
12635
3630
3065
3415
2291
5488
2466
2293
9294
2990
11128
2314
2492
2640
253377
2552
20938
4179
8983
2879
2402
2414
2463
2313
96663
14415
3014
2641
2265
4321
3326
3781
2966
3080
2308
2498
2357
4315
147981
4007
69144
2658
2513
7663
6173
5862
3405
2260
3511
6177
20979
3516
2585
2247
2310
4667
14990
2858
9961
3961
6383
8733
10363
4060
2247
10886
2495
2556
5826
5385
13735
3005
2558
2342
2757
60141
3802
8081
2831
3187
2382
3276
3278
2905
2502
65937
21568
2245
4938
2513
83802
20706
3009
21881
2662
4820
7600
3380
2337
2264
3393
10149
2290
3108
7558
2706
4120
2235
6352
3044
2264
3665
2319
4824
3410
3810
3570
2451
3397
4014
2863
4057
4886
5546
5135
2303
6635
3064
2280
2536
7817
4622
3704
4955
2450
2252
3222
4032
4580
2747
2532
2451
2646
3945
2711
4432
4453
4589
2488
61432
34706
8985
2778
2317
2522
3496
2228
377906
5410
2296
2278
2367
3118
2529
3828
2380
2892
6920
3667
16917
2622
8180
27047
6782
7236
3118
24306
2297
4604
2590
3018
2828
3977
2959
7843
5569
3107
2817
5589
2617
2628
2458
3380
2356
12128
2634
2422
2797
2658
4219
2826
3108
3452
22378
26560
39141
3543
3158
12221
8611
2222
89619
3354
3080
3256
4154
2845
9713
3348
65084
2226
3158
4945
26138
15314
6577
8839
2613
2301
6408
11002
2719
3332
2541
16104
5474
2572
2235
2225
4157
2349
2247
5220
4374
2301
3397
5915
2312
4509
12327
3065
3324
2267
2263
3643
3623
2456
3179
3022
3144
2666
8374
2471
2543
3093
2462
2371
3076
2430
3478
2621
2790
2245
6125
5021
2842
2929
2529
63753
2252
2224
2530
3400
5813
2308
19667
3518
2247
3996
12482
2499
2827
2562
2305
2484
2777
2425
2292
2321
2771
2258
26124
2238
8384
5525
6332
9494
2311
2234
4721
6324
2288
2510
3723
5260
47630
6412
2324
44639
4053
2941
9491
2444
2826
3615
5298
7504
8926
14757
4163
10256
2639
7717
4460
2542
2713
2914
2608
2624
4594
6889
2430
4585
11610
15550
2308
2337
3734
12262
3072
5283
4982
2530
2854
2372
2260
2770
9970
2759
5644
6448
2780
2259
5102
2240
2483
2300
2667
2696
4690
3030
2777
5703
3887
2455
2551
2439
2290
13640
2305
2225
2946
9157
3457
2325
3394
2259
3535
2262
13075
5011
2335
2351
4734
2253
2595
6357
2306
3586
2380
2306
2849
2815
2496
6842
2271
6875
2414
2270
3956
2267
2808
2605
16452
2388
2947
2567
2306
2225
2263
3959
11197
2772
3675
2349
3091
317258
2246
2512
2253
2248
9249
2671
3100
49452
2863
2236
7354
2449
5260
19320
2254
10100
2255
2346
11621
3689
2662
2724
3380
2540
2337
5287
2902
6318
2308
7327
3079
22254
2760
15580
4917
2225
3008
2476
2258
2328
3427
10622
3397
2289
2638
10287
7072
40883
11569
2545
2252
3038
7280
4137
2264
12733
3034
2334
2436
111978
3328
2248
3021
2605
2469
4308
2812
3026
4651
8478
4845
2489
5345
5284
2952
3645
2291
7073
2230
19277
2244
4286
2237
25191
20335
2227
4645
5082
3109
4598
3048
3551
2376
2560
2508
2861
2740
6061
2421
3376
29837
2847
11959
2352
4423
3151
4609
2546
3408
5102
2889
3057
4674
59938
2307
2855
4810
2345
2286
3797
3998
2229
14363
3754
3227
2796
2785
3177
2449
2299
4782
2613
3477
2515
6674
3959
2493
3453
4191
2942
3383
8455
4547
2347
2511
2621
10717
2263
4247
2268
2634
12034
2294
11114
3049
2234
3543
2638
4440
4132
4325
16768
2307
5969
4316
2243
2997
2849
6209
5468
4468
2231
2801
9373
3527
9928
2374
2224
117461
5466
6301
3208
3232
11940
3313
2382
25450
3802
3960
2272
3197
8666
11581
3086
2445
2260
3711
6175
2889
2782
2243
2307
2522
6626
2687
5393
2810
4874
2927
2426
28994
4081
2222
3260
3865
2502
35847
2353
2336
2418
2263
4314
2476
2742
2519
4362
2770
2283
4026
6775
2573
2253
2913
8701
2271
2282
4695
2752
2743
2250
3202
2446
3266
12332
2881
2254
2344
2373
3003
6943
17656
2240
3557
3217
4857
3502
2224
2541
2379
5689
2839
6671
9360
2526
2730
12173
5693
2628
7437
3370
2748
5744
6563
8924
2815
4009
13085
5290
7130
2603
2545
5648
3803
14621
2224
60190
2938
2516
2416
2243
10918
9558
2668
4523
2362
80468
39656
2250
3605
2526
2959
2232
3955
2283
2284
2234
10958
3311
3576
5704
2903
7746
2418
3008
2737
4274
2710
2528
2718
3131
2474
11997
6851
2231
2224
11170
132837
3877
2826
2303
3551
2278
2399
6785
14397
12259
2473
2528
2356
5450
2724
2493
3880
12159
2278
3768
6036
3617
4419
3157
8640
6891
2695
21560
3927
4131
2283
2546
2475
3582
5744
10125
117048
2290
3816
3555
2931
26358
2230
2842
7017
5682
17998
2736
2267
2281
3547
2636
2360
4690
2419
4827
4984
2800
2243
2349
2298
5990
2864
2481
2773
2733
2633
17173
5293
2301
2778
2384
2382
2878
28048
2758
2372
2717
3348
2990
2280
6972
2548
314618
2792
2400
5027
3692
2410
3790
2375
3280
3257
2629
2284
3181
2680
2252
4686
2242
2265
4763
2428
2961
13800
3560
3937
2321
3699
3833
2374
16028
4033
6969
9426
2226
2593
2729
7517
2748
2407
4070
3383
62280
2955
2626
3611
2946
5050
2997
2235
11146
3261
2223
3234
3379
16323
2620
2399
219643
2745
2836
2832
41556
2649
10860
2250
5506
2223
9784
4825
2263
2985
3225
2946
3275
93820
2265
26464
85559
4735
27724
7313
4049
2246
2241
8866
39798
2225
2376
9170
2308
60109
5141
2965
73936
37090
7351
7568
18920
12267
2633
2522
2349
3573
2376
3819
2669
2462
2407
2778
3827
2238
2956
6373
3645
2369
25784
2661
2239
31716
2809
12227
2312
2650
4150
2737
4659
3105
25923
2820
6760
2426
5886
3858
2322
39342
11780
3976
2522
2315
4520
3288
5300
2528
4307
3016
2256
2553
3395
6608
4820
20273
2494
5687
3027
5356
7373
2461
2348
4453
12350
2729
2297
2418
2762
2237
2266
2772
4530
3117
8074
21264
6181
2331
2603
2925
14185
2555
7458
5788
3203
2394
4805
20966
2385
65189
2238
17353
2329
2625
2331
2223
2872
4796
2584
5661
4327
9803
4646
7038
2580
2496
4557
2686
3618
3768
2233
4440
2562
2630
5921
3786
5740
4153
2654
4763
4686
2232
2259
2582
5509
2267
2631
19821
7675
21269
2594
2228
4271
2789
2348
10217
6048
2305
148742
3765
2904
2246
2297
9644
2314
2301
50942
2485
2277
2751
27430
2570
2227
3145
18426
3325
2553
3617
2245
2418
4042
2222
74465
3367
2387
2245
4623
2724
4994
4227
7224
2272
5250
2225
10448
2782
4494
2983
3174
2916
6304
4267
3542
9752
3093
2280
2359
2280
2908
7238
3068
2614
2506
3608
3523
2274
2235
3178
3025
4281
2408
4256
3080
20622
2341
2686
15498
2748
2377
2344
3015
4890
32477
3112
3111
392600
8831
8651
2438
12658
2249
2294
2788
2232
7216
6040
2321
2272
2509
2838
4180
2353
2833
2315
3713
2764
6857
2239
3928
4225
2307
20444
2460
12248
2674
7196
2256
6417
2531
2591
2845
2639
3436
13279
3115
18198
2223
3482
2242
3639
4346
3139
8531
6913
4368
9018
5866
53286
2233
3937
3100
2536
2434
3646
2304
3888
3211
2301
4422
2929
6500
3053
3381
2624
7836
2373
2398
6210
3861
2448
3370
2240
6956
449279
6429
2264
3050
3751
2258
2252
6324
6628
2755
2905
2706
2222
2636
29185
3035
2944
13414
2262
2317
3111
2675
2336
2819
5618
3005
2241
2414
2369
2351
2269
2561
2402
2829
4269
2466
2456
4090
11713
2224
33923
12367
2695
2449
2234
2554
3083
4955
2516
2317
2346
2606
2598
4265
8340
10001
11578
2468
8158
2249
22435
2434
2469
2449
5472
2230
72756
6336
2940
2359
2873
2426
3522
4093
2328
2571
29168
4680
7261
2257
2621
2588
2605
2380
2360
3551
2315
80561
2250
3314
2593
3680
3457
3981
2759
12442
7695
2427
107695
5991
2290
11950
2458
2285
2369
4147
2470
2553
3344
2332
2359
5126
3826
3773
13719
13957
3539
2755
4495
2734
10556
2309
11945
2442
3009
8102
2982
2511
6839
23163
7012
2753
2489
2320
3037
2809
3935
3192
4907
2635
2249
4360
28554
2448
2379
2487
3655
2310
5342
60423
8234
9536
2836
4289
18263
2901
3850
3162
4090
366424
3607
10125
2263
3621
2606
3737
2349
3745
3952
2724
3425
8414
2294
12005
2257
2235
4069
5740
5203
2245
3730
2375
4986
2324
7841
3340
10658
3149
3312
2434
2329
7571
2261
2253
3703
2256
4462
5742
4220
4406
2841
4684
3528
4266
2370
4565
2302
2827
7953
16842
10784
9322
4015
3509
2873
2640
4615
3458
8976
7804
4558
2291
2733
6778
30796
2288
2777
4208
2874
2222
3049
19722
12368
3038
2764
11722
2298
3367
2989
8194
4103
3255
2274
9689
3917
2906
2325
2296
3209
2227
2492
2695
12649
3494
4103
4986
12618
2306
2768
2868
2671
3966
2763
2835
2822
71360
3570
11800
5383
2792
4178
4169
2438
6388
2977
2715
2928
2502
2492
6168
3758
3827
37259
7866
6585
2574
2277
2898
4139
2956
2266
2268
2483
2413
4676
9086
2827
9061
4992
2597
9640
37995
2581
3595
2534
2567
3839
2484
13347
2239
2271
3448
3444
11681
8901
2692
7159
2910
2374
2993
7333
4689
2222
3208
20225
3039
2256
2959
2714
3942
6050
12597
2318
4047
680852
3286
73262
2277
2415
3157
2400
7078
2259
38317
2226
3087
5201
2307
7716
8318
5541
2304
13234
7733
11716
2863
2728
2344
2576
8569
2746
2824
5203
2348
14797
34390
2667
4083
3581
2445
2613
2305
2453
3148
2375
2316
35113
2350
2429
2572
6636
2258
2281
10058
16989
11453
6658
2822
5909
12979
3161
2223
2857
4305
2287
2363
22482
5455
2296
4764
8327
7800
209536
2453
58540
2377
2782
3027
2408
18284
4123
19648
89097
3238
2382
7837
3471
5330
2366
2628
2730
4843
3215
2698
2790
11093
65725
34512
4112
4323
20918
2278
277821
3899
2919
2654
2329
2862
3225
8010
2541
2280
3662
20539
16971
9042
2806
6787
13186
2249
2742
2236
2453
5034
2352
8920
8319
6237
5149
2901
2270
2459
2329
2639
2876
5664
2519
2963
2630
2448
2251
3000
3174
22909
2391
3471
2250
2378
2628
5914
2790
2485
2877
3759
2515
4066
2415
2700
2270
2544
17431
3015
2293
6294
2605
3273
2407
2476
3172
2464
2399
15187
2246
15529
2398
3420
2485
2673
2304
2353
5012
22395
2540
2618
2295
2669
2257
2560
33336
3332
2822
2607
2438
5554
2595
3514
10688
3079
7510
3693
17814
5992
2421
7672
8449
3209
2277
2832
18085
9432
2277
3293
3006
2498
3339
2845
13053
3176
2885
3593
2268
2492
2953
3977
4447
3859
2974
13151
4276
2228
2225
2275
28586
2935
2319
63319
30812
2504
2613
8222
5225
2264
3057
2384
2362
2548
2400
2496
3159
4795
2223
2355
3552
3917
2289
4004
2384
2422
2473
7692
4363
152130
3141
2456
3085
2223
2274
2251
2742
19904
9350
4842
3377
13166
2240
7181
8638
9190
2677
3672
3274
5192
2734
2736
2992
2345
2344
2442
4482
4990
2263
2959
2338
2277
13576
218806
3040
5575
2360
3752
3126
2438
5885
7823
54864
3148
2538
2689
9082
3561
3338
8332
9941
14216
4288
2753
12243
2525
2743
2480
4895
2768
2289
2308
2352
5733
2970
5579
2464
3373
7486
20143
3208
6402
3184
3580
10301
2291
2354
3247
4310
2248
2879
3393
6064
2993
2293
2449
11197
11451
206159
12188
76107
3631
3097
12890
2563
43606
6412
2914
6795
39636
4059
10346
9010
3162
2630
2581
2226
8701
3168068
2275
2690
4060
8007
6301
2524
3768
2349
2960
2224
2319
2504
2454
2253
2755
2608
4541
2435
2506
6698
4122
6498
2490
2952
2238
4515
2273
3311
2260
3754
5968
3025
2977
5039
5470
2825
2814
9454
4636
2637
249944
6710
2222
5485
2575
13501
2854
20634
106012
3150
2249
2522
2817
3541
3022
2242
2293
2409
2513
9270
4978
2473
4170
7818
63696
2411
2399
2345
3489
6657
2257
3286
2771
5379
4414
3740
2698
2654
2256
2751
3948
4628
4470
2775
4892
4978
3889
2937
2252
62612
2493
2597
6218
9540
11779
2826
2718
8482
21740
22149
41587
2228
3077
7330
2379
2361
2895
2647
4465
13139
2232
2369
2234
2697
3074
10133
2632
2867
2232
2404
4914
5670
2487
9642
2430
2758
4118
2250
2737
5971
4762
2813
9508
13019
2244
2600
10070
2358
4290
3775
2330
2580
2427
2648
2318
3069
7511
6034
2366
5775
5177
7169
34667
5080
2344
17040
3720
2412
2720
12294
2458
4329
37621
10079
3201
2612
2356
3494
2285
2471
2322
2548
21991
2247
6726
8332
34149
4495
5717
2366
2419
2322
2227
5010
2592
2939
6063
56333
3186
3429
23605
2328
3864
2592
3935
15669
5908
2282
5518
7457
3359
2251
2385
2314
2927
11115
2398
3236
13813
20820
2559
3496
2427
6501
3164
4411
2256
2601
3319
2258
34700
2389
3938
2789
2289
4824
2319
5422
2348
5958
3618
2361
4492
2307
2592
3939
2507
2459
3186
2232
11576
2776
3341
2805
3059
2610
7537
3821
11474
2733
4224
2391
2252
6053
2248
2783
4724
2881
2866
2885
8396
2469
3463
2941
2951
3524
9175
39033
2339
3898
3200
2276
19415
2270
2557
8202
2223
3077
2778
3225
5663
3463
2473
3764
2571
13736
2234
3921
2614
2465
3259
6620
4437
5062
20736
3325
7273
2526
2562
2375
2249
2508
2378
6510
2246
3413
2490
2324
11586
2925
2276
2771
3657
2301
26589
2676
6797
3920
5936
3064
5117
2614
16285
5192
2503
3057
2448
2552
2501
2445
3279
2329
3543
2405
24976
3519
6029
3018
3674
2990
4943
2313
2327
2624
2670
2595
4124
14530
4620
5887
3351
2421
2391
2399
7421
39938
4055
9653
2473
2250
2363
6647
3217
2923
3061
2699
2641
2301
2289
2644
10383
5375
12355
8643
3098
2319
2364
15925
3225
4367
8013
2668
9642
7539
3797
2794
4487
2433
3083
2363
3113
11837
7583
2242
23629
7266
2718
2896
8283
2240
2284
3886
3144
2320
2470
4480
5329
2237
6295
3603
4265
3730
2638
2241
2264
2926
3410
68610
2974
2730
3031
7845
4488
2372
2546
2486
6363
4042
3067
2718
5856
3002
2226
2223
3574
2491
14448
3540
22069
3726
3537
13094
3110
2721
5791
3912
2444
2234
2551
9423
2797
2552
2786
2472
2302
3442
2356
4135
2398
2248
2383
2652
23708
6528
2316
2323
5190
2290
2986
36749
13420
11224
2847
2634
2735
8556
8719
5135
2497
8601
5123
6417
2308
11940
2829
3938
3387
3009
4659
2317
2571
3269
4200
3278
16605
2977
3013
2479
17108
2268
2239
4447
2789
3426
5992
10953
2534
2365
2816
4853
2969
17591
7092
2732
3085
2233
3293
2754
15231
2318
3599
2279
2286
2384
3564
2541
2901
2566
2241
5594
3717
2920
2324
3974
2299
4152
16325
4609
4975
2466
2268
3263
2426
2457
4136
2448
3265
2495
2709
15985
2846
8382
5474
43308
2337
2265
2352
2223
3193
2876
2801
8925
4018
18452
2718
3391
2437
2280
3370
7307
2376
2271
24119
3919
2235
2413
12310
11158
5252
2547
2582
2513
2313
2292
3257
27238
3727
2443
3384
2315
2281
2456
9177
2393
3368
4912
3325
4266
2510
21487
9545
6755
2634
19666
5248
6644
4840
2660
11783
2267
2519
2658
12620
6005
3160
5973
2332
2302
3544
3614
2737
5685
2988
2731
2532
3032
2492
2585
3389
2501
2565
2246
3443
2775
6837
12190
53403
6985
2475
4961
2977
2264
4411
2225
11717
3130
7061
2628
6453
3150
6749
5077
12901
3075
4826
5333
3211
3803
2362
2252
7026
3085
3158
16953
11311
9803
2378
3179
7038
2771
2318
3120
5416
18186
5824
2603
2410
2607
2244
10569
3155
7846
2438
4793
2573
2797
3677
3051
6399
2364
4276
2849
3368
3714
2972
16363
5435
2309
22298
136246
2876
3263
2726
2716
3803
2457
49844
154839
2691
2249
2270
2301
2343
2447
2494
2545
6806
25224
2239
3692
10039
4298
2896
4151
16664
3441
2629
2477
3556
6922
223981
2341
2398
2930
2633
6208
5923
4062
2263
5867
3699
2417
4005
2690
5295
2266
3939
2402
2376
3698
4936
2224
4565
7397
14376
2489
3337
2839
2726
3852
2270
3569
2432
3189
2229
2623
12584
4465
35320
2513
2803
2683
3055
3911
2259
2562
3090
4827
2617
2256
3966
2255
2258
3395
3993
12455
2472
2321
2951
2702
3881
2349
15415
3240
3307
3655
3598
3254
4714
8354
22555
2222
2360
2622
29038
2730
35861
3517
2372
4934
2478
9446
2562
6677
2223
3103
2400
2580
2403
2348
4133
2414
2222
5811
3915
2722
3777
5458
2269
2247
2465
4253
2242
2649
2243
3643
3223
4590
3573
2873
14390
2337
2332
2232
2238
3147
3585
3356
2684
9714
2520
2872
2366
2301
2699
2260
2392
4723
157952
2227
2542
3771
3438
2304
38033
2811
2479
2861
9217
3324
2234
2896
5022
2561
2254
2284
3162
2866
2235
2827
3082
2929
6671
5528
2845
2346
2273
2252
2401
6297
2320
6575
2266
3101
18514
19614
2704
2378
3050
3478
2870
5116
2626
3065
3377
2465
2675
7437
2580
5101
2357
4741
3307
2879
6626
20569
6653
3950
2457
27188
5482
2644
8194
4299
159591
11396
4565
32924
19569
2593
160788
36605
4903
2931
22007
3538
3527
14327
2249
6008
22533
2477
2294
2350
2515
19233
6523
4184
7331
2387
3053
11025
3340
3344
6058
2257
3132
24368
2243
3518
4087
6326
3081
2423
33757
7614
2354
3275
13190
2667
3853
2345
12106
3653
3486
2770
2444
2559
2251
2391
2418
2443
2543
2950
2437
9858
2704
2335
4653
2312
4656
2330
2540
3924
2224
3271
2281
2913
3217
10226
2386
2326
2468
4804
4771
22943
5085
2326
2296
2511
10388
7077
7376
3876
5693
2603
2648
6701
27277
2291
6626
3451
4980
2763
7583
3217
2240
12973
16519
3108
2631
2475
2920
2229
4968
2308
50785
2495
2270
6880
3881
7846
5251
25108
2365
4614
3702
5585
4274
2295
2486
3592
16267
4266
95937
6316
3182
6728
2319
2625
2386
2561
4809
2398
2890
2642
2667
2953
2387
15291
2506
4270
3513
2377
2928
4978
2640
5175
2989
3236
4723
3301
4322
4256
2231
4541
5111
2267
3717
2926
2292
3062
4114
8980
2290
2359
6242
13448
6376
4741
2699
2262
27254
57600
2231
2691
4774
81682
3617
9096
2749
2259
5177
2391
2241
2541
3876
10872
3032
8532
2421
2506
4072
6274
3300
2498
3913
2609
4526
2250
2372
55755
4050
2309
2746
2630
2290
2242
5242
4096
5245
3041
2322
2733
2251
2331
2540
9585
4363
2463
12707
2451
3919
7142
2685
303556
8704
2253
2373
11690
2720
2850
2470
52898
8734
3465
8531
69926
25178
2577
2961
2351
2270
2816
9855
2271
2264
2280
2628
4111
2555
244601
4153
3903
2224
2992
4380
2349
2711
3957
7856
8178
2632
6741
2742
9501
5550
3996
2234
35004
6602
2509
3401
2441
2350
2534
2437
4243
2612
3336
4328
2388
3694
3166
7411
2276
117227
3140
4337
6511
5930
2684
2266
3714
3761
18918
2268
2789
4780
6236
17823
3339
2510
2617
3054
4588
6994
2821
5341
2224
3013
2891
2238
2492
3119
2388
2469
3118
7176
5825
3118
2227
2842
2737
2960
2797
2403
2554
2877
2400
3704
2245
7153
3192
3670
3196
2771
6842
2579
2601
5604
2659
36431
3032
3667
2840
6996
4405
2408
2241
2243
2248
69217
2738
3641
4361
4950
3094
2384
2616
4123
5508
3522
3688
11614
4446
4259
2310
2332
4084
2359
5103
2505
3811
2879
11022
2408
2247
39266
2493
2449
2683
2863
2286
3141
3199
2881
2246
312881
6378
3652
24281
2277
2452
8833
6609
55203
2535
17424
2589
5167
3133
2402
2467
2232
2288
2222
4360
2309
2652
2247
3925
3342
10117
2693
3129
2609
7438
4634
4531
3076
2527
2904
5951
2855
2319
4721
9263
2525
3593
2466
5229
2419
2228
61684
6273
4659
2228
4505
2487
9855
7665
10060
8991
2232
2411
9850
2364
4395
5082
2558
2737
2682
2226
2527
2282
5694
4031
9613
6312
120459
6520
11545
8390
2410
2382
2911
2584
2661
2324
2573
2689
15169
4639
9482
2795
5244
2356
8023
4452
2705
3879
2324
2716
2352
3476
6713
2725
25898
3722
2743
4901
2630
2265
4891
2384
4657
2538
2442
2275
2307
2274
2477
3859
65452
2612
5906
16801
4107
3309
26942
8630
3590
2364
2264
2463
2238
6438
236228
4709
144454
4395
3581
2461
3319
77424
7198
4518
2515
5188
2815
5951
9985
2306
13813
13402
2282
2339
2703
4323
2448
2378
2292
2228
6309
5249
72675
5479
3514
3498
2269
24290
2283
8795
2687
2240
2561
2268
2537
2320
80972
2313
2612
2241
2625
3603
10084
2552
7944
2255
3938
6515
49262
5947
3055
2328
2302
2223
3979
2297
2422
3555
3573
2686
16075
2737
6476
7504
2357
3074
4507
3603
6187
2265
2745
4269
2247
5410
7427
2346
2701
2395
2730
2468
2296
2334
2570
2829
2263
4689
2475
2304
2960
2451
10536
6677
2318
2428
7795
8756
2494
24854
2423
2739
2356
4021
2375
10526
3484
321927
4098
3009
3314
2289
6783
11416
2377
2522
3093
3428
2348
4544
2795
3365
4507
4905
6227
4289
4548
2566
14356
2985
2251
2442
2670
2311
5428
3999
11218
2302
2228
2538
2833
9151
2331
3789
6761
2320
3667
2319
2653
2325
2583
3511
3929
2296
3379
2450
7860
2312
2661
2357
3856
2224
2841
2983
17914
45393
3297
4855
2746
3959
3016
6875
2493
32627
9463
5026
2592
2772
3594
2330
4291
2298
6279
2306
3664
3362
2487
3122
2596
3564
2506
2248
2384
6035
2319
2757
3166
4897
2512
2600
28446
105789
2372
2283
76124
3512
2826
2271
2251
3759
5677
3424
10342
2450
4179
2583
2710
2299
2237
5383
2222
2766
9295
5265
4238
3355
201179
2855
10060
2929
2738
2374
7203
3406
2270
3568
3980
6389
7357
2640
3458
2509
2659
2722
20345
2913
4087
3210
2666
7070
2686
5123
2395
2609
2413
4072
60706
2298
3291
55501
3839
4372
4473
2257
2731
2275
2584
2551
2287
4698
3138
10002
2672
5553
3010
2228
2674
2231
10070
2708
13240
4446
3177
4637
3209
9725
11564
2427
2601
2288
3374
8259
23780
2712
2920
3011
2812
2879
2768
2880
2499
2423
2398
3027
2642
4788
31387
4734
3156
2267
2813
2673
4639
3270
2400
14980
2566
2814
5256
3069
3457
3712
14103
7305
2436
3280
2647
2228
2396
45033
3541
3105
2396
4177
3841
3079
5442
3984
3961
6944
15946
6231
3114
3245
2248
4369
4330
2848
6096
42017
297069
2240
2271
2222
3061
2247
14337
4232
5912
23547
2390
2256
4329
2229
100231
2878
13544
2378
15844
3280
17438
3303
2359
3196
2446
5369
3198
2810
2392
4279
2343
2223
6010
5278
2594
17385
5253
4800
2436
35514
2798
2437
9691
3032
9536
2274
2852
3548
6046
4065
2282
2276
2749
2395
2388
2251
2325
3104
2253
2322
2946
2364
2635
2261
2750
4855
3156
3040
31543
4017
16290
2767
21279
14308
2501
5626
5354
4291
93391
2447
9095
24958
2598
2316
106833
2240
71384
2605
3315
2794
6704
2232
2851
2383
3855
2253
4492
3868
2773
3425
2606
3529
3873
2551
2269
2250
4564
5202
2513
6103
3490
2461
2363
14921
9792
5454
2503
8106
2428
3123
5032
2470
5337
2305
6899
2668
6500
2270
4685
2229
1169645
2500
4523
2659
2770
7154
12113
2286
2380
2439
7147
4738
7874
13936
2385
9596
14263
2931
20039
13794
2761
2952
8213
2919
126463
2601
2819
4630
2591
8357
8163
3270
2323
2312
3854
2252
2516
15484
5755
15623
2920
17484656
2229
12810
2571
6445
3180
8122
3395
2835
2439
2247
3474
2384
2257
2297
3197
7065
3902
2644
3077
2324
2278
3573
2419
23464
2502
2363
3207
25958
2394
5824
3831
5695
8266
2308
4124
2256
2466
6334
2473
69833
2279
2330
2661
2341
2491
17854
2581
2852
6801
4304
7599
14286
2705
2446
6010
4123
2262
2459
171671
2655
4918
14387
4962
2925
2734
5136
2536
3028
4971
2988
3574
2476
21760
3213
2556
38682
4448
2430
3019
4397
9452
4609
2542
3796
5559
2685
2830
2223
7229
2290
3955
2959
4664
3201
37029
2818
12881
4198
15454
3770
2314
2260
2466
81619
2833
2509
2366
18016
2547
2512
2315
7498
2866
8982
3262
7013
2991
3090
2698
2780
80712
2748
5767
15101
4122
2241
3195
2810
2658
12515
2225
2355
13330
8544
2533
2240
2472
2717
2648
4422
4699
2461
2223
3100
9124
2393
2294
3251
36515
47370
6156
2464
5716
26621
4444
2256
11580
10813
2577
2880
4612
2270
2238
2234
12427
2393
2955
10515
5178
4456
2537
2476
2270
3721
2441
2412
3818
3537
10138
2415
2330
2645
5176
2401
2369
2336
23797
13066
2229
4146
2787
2649
33418
3693
8635
4861
5027
15701
2490
5732
2478
10004
4934
2762
2308
142928
7308
2269
2334
3809
2446
7977
4622
2392
2279
23531
2707
2593
4215
2441
2374
2319
18034
2333
10151
3082
2497
2311
27898
2854
19738
4569
2386
11645
2591
7984
2367
2243
7706
3727
2670
2229
2258
2309
5906
2726
5513
2761
6286
3294
3025
3146
2928
2524
2432
2298
2315
7894
3016
2432
2546
2460
2905
2293
24378
2396
6841
5471
4893
2336
2683
2471
2269
2981
21087
11614
5179
2255
7945
3182
3697
2225
2456
2521
3385
6575
3894
2429
2625
3490
2479
3962
2464
4197
3210
2403
6001
3134
4943
2232
2927
2294
2258
9887
3816
6343
2351
2333
4350
9688
3027
3428
2583
5308
11058
5194
6843
3874
3017
9409
2249
3442
2870
35658
2894
2238
2377
48088
2677
2787
2529
2585
2227
8202
130071
12809
4857
3363
2743
2248
3575
2349
15672
3931
14566
2851
3011
2891
3085
9059
4819
2581
2456
13110
2231
2386
3609
5067
4847
2578
4864
5962
2260
2326
3920
2878
4509
2775
2469
2975
57057
3626
3571
2528
11733
2642
3478
2703
2522
2535
2490
2252
2618
12765
3075
2564
2403
3890
2428
2380
40826
2322
2513
24701
2602
2402
10035
3349
2268
4951
2229
2445
2240
2348
3474
3673
2648
2367
2603
2387
3428
20321
4228
4025
2733
10759
16903
2558
2358
9920
2717
2402
2347
9319
9973
3126
3111
2897
3917
2566
2993
3198
140375
3009
2896
21545
4738
3218
2968
2466
6532
3279
2227
3332
2245
5667
5763
2573
6819
4990
3091
2305
2256
2302
2330
4822
3493
2323
2480
5315
5435
27860
2331
4076
2284
2222
2743
6502
4289
4911
2524
2519
2569
3993
2661
3959
2758
26927
2277
2656
109642
7348
5330
2917
2274
4238
2951
2339
3158
2224
5255
2375
2383
2678
2758
2725
9825
19178
3149
13293
2309
2870
3044
3057
2245
19774
2234
3103
2471
2520
4089
2423
3318
2391
3154
2385
6104
11227
3390
16447
3487
2290
2550
4876
5229
3028
2237
3179
7352
4317
5126
4482
36626
12115
2668
2591
8938
8176
2437
4169
2240
15642
2700
3448
2935
2254
2344
2871
10418
2469
15739
64328
2265
2544
3204
2829
4713
2855
2226
2519
2652
6168
2724
3122
76545
2566
7783
2431
4830
2955
3700
9383
11899
2968
2232
3976
15080
2969
2579
397189
2271
2236
2599
3060
2542
2589
3941
12091
15034
2363
2917
2424
4057
12734
2788
5483
2731
3537
25782
2872
160991
4361
2514
2873
2427
19205
2386
17637
2633
2503
2974
2396
2319
2487
2388
3763
3271
2417
3046
7528
7052
3002
2768
8210
2575
3439
3680
2233
14334
2329
2474
3640
3324
2746
2258
6186
3241
2245
2356
2895
14697
2599
2264
6024
2466
29010
2977
2334
2274
3567
2322
2407
16193
2598
3056
2720
2307
6321
10490
14442
2738
2882
5842
2319
3030
2252
53900
62113
2476
4544
9662
2369
3077
3224
2595
2525
2310
2326
3012
2870
3625
2371
15584
3478
6522
2384
2498
2423
4138
3151
3426
7515
3189
10121
3695
2828
6064
3564
2254
2940
2256
10231
2476
2955
11237
2812
3118
2237
9656
2240
2447
8558
2625
3302
2904
4168
2257
19507
2658
2228
2486
10052
3885
2222
42601
2543
5415
3900
2366
2810
5185
9521
2274
31449
2258
4694
2608
3083
2381
5698
31378
4455
2483
2446
3253
2490
7083
2521
2340
3535
2277
11163
3047
2561
4941
7572
2766
2426
26994
44428
2566
3987
3171
2239
6989
7587
8518
2274
2273
5452
11030
2312
16270
3193
2574
11430
2225
46512
2241
8833
2524
2602
5472
2713
11451
2577
2345
2961
14483
2325
2639
15412
2364
6255
2627
2725
2233
3952
3516
7303
2768
18906
2698
2351
4984
3150
3615
2385
11228
57888
2347
4863
2973
6514
2470
3944
3916
2375
2857
2247
123098
3452
8209
3267
60932
2248
9077
3253
2567
3173
3720
2293
3009
13148
2291
3138
2366
2398
2598
2232
3735
2282
1089602
2354
4340
3498
4262
3244
6188
2772
2787
8349
2238
3500
2966
4012
2653
3543
8955
4134
2315
3108
3456
20429
2246
3236
2348
10330
3730
4318
2390
69768
2501
2531
3051
8029
8558
2335
2594
9796
2792
10649
2285
58372
23339
3158
10579
2361
2238
2887
2543
2505
14059
87793
3314
2779
3718
2659
8405
2435
2255
3173
2270
2234
2314
7453
2907
3884
2338
2949
2629
4372
3427
3263
2398
2741
2747
3101
2483
2761
84080
2862
3062
2663
3519
7107
4106
2597
4067
3574
2396
2322
3225
2440
4548
2223
3202
3511
2269
2825
3063
2224
3449
2260
13392
9783
7610
19206
2272
12313
4312
3563
3362
2297
3347
3581
2449
2222
2275
2277
2617
10713
3895
4357
2992
4697
7645
7806
2268
3382
2783
4944
2224
2575
2555
3070
2257
2719
3800
17270
2300
2804
6033
2264
5101
7862
23095
3244
2260
3963
2966
2526
56872
19923
5026
3719
2391
7689
4376
2549
12439
11172
3107
26797
4165
2510
2702
3595
3394
2555
18292
2519
2848
3419
2388
11715
4183
22885
2587
4155
2345
4177
7979
6921
2634
3540
2278
2898
2629
39648
8872
4896
4446
3165
2670
2449
2571
2523
13223
4227
2265
3228
3879
3343
2750
2567
2822
2559
2352
8205
3143
3710
5520
9205
3308
2358
5771
2649
5100
4268
2361
4190
2230
25558
2282
83535
2273
2227
2653
4492
2387
3531
6530
3404
2871
2930
2335
2616
2628
5010
2305
4667
9527
2952
4551
4025
2298
2563
2470
2398
3157
3571
3089
6074
3665
2994
3405
2594
38530
16525
3533
2373
2740
12674
4664
4748
5504
2325
3756
2554
2268
2438
62220
2380
2254
3211
5893
13593
25593
3326
11701
2512
3211
2307
2759
3309
18861
6800
6710
2517
53951
2448
2230
4235
6093
2915
2346
4660
3202
2267
2899
8004
2243
4645
2311
2422
4135
2334
104961
3447
2390
2886
3616
5420
2351
2234
34548
2778
3328
6142
3646
4537
2818
3153
2476
18543
4247
4261
48331
3014
2326
7698
2372
2467
6289
3540
2661
6218
2989
2732
3048
5006
2541
6216
7453
9552
79751
3743
12671
3285
2803
2560
5825
2528
4333
4320
3755
2246
2249
3655
8204
2992
3120
2367
2944
3835
2236
2488
2650
2284
18580
2937
2392
2594
2524
8904
5275
49566
3012
12929
3033
3087
4137
3540
2292
2522
2423
4926
5947
2549
2255
2431
2449
2382
4713
6102
11090
2785
2284
2424
15006
2248
2638
2580
2295
3799
2379
2415
2416
2801
7536
2350
2392
9902
2619
2264
16007
3627
2233
2238
29288
4613
2322
2234
10601
9773
2379
8893
15525
2595
10172
3076
2879
2264
2250
2580
4018
3288
10435
3198
4316
8267
2517
2570
2854
2428
6814
2246
3875
4398
2845
2293
2764
4550
2537
2407
2285
4755
2287
4715
14777
4774
46564
2456
3204
2277
3573
3432
2747
3002
15609
3138
2360
2234
4012
2424
5727
2259
2354
2884
2354
2344
2745
7963
10066
2338
2442
2400
2223
2257
3707
2315
2737
2223
6175
5608
2262
5265
2898
3594
2298
183167
11236
2694
2248
2697
7186
2470
2387
37263
2956
7364
4299
7638
4961
194122
3386
2945
2519
3361
31284
3426
4474
3089
3252
18468
2435
5669
3262
2995
2665
3733
5542
2591
24816
2323
77358
2522
2261
3843
2288
39529
79539
3319
5267
2365
2308
8717
5318
2827
2229
3490
2436
2385
2281
8171
2337
2419
2710
2910
6129
2879
3363
2972
3284
4922
6173
3141
2812
275223
2860
2642
6097
2383
7223
2232
2811
3072
3099
2514
32297
5894
2232
2327
84641
22160
11124
2250
2304
5589
3271
4817
3995
2237
3111
2959
2224
2226
2961
2885
2857
2236
9524
2271
2381
2247
2299
2355
20241
2874
2641
2644
7155
11061
4590
7657
15782
2571
33756
2664
3527
2255
2246
2483
8183924
3158
8117
6515
5660
3345
3437
2857
6032
2886
14883
3034
2331
7462
2585
3652
2812
2302
3948
2552
10120
2764
3510
10543
2498
11381
2773
3413
2370
4433
2967
2568
2456
2349
2382
2472
2325
2331
4136
2343
2466
2577
2475
2291
19657
5555
4389
2455
3643
3157
2511
6597
11655
6186
2367
7408
2391
2776
8111
3700
20055
2320
2250
2279
24823
3177
121141
2381
3250
2552
2681
2498
2784
18796
3731
6422
3180
2984
2428
2333
41219
3581
17214
5018
2264
2760
4888
2703
3251
4463
4488
2346
2488
3377
4664
3360
2368
3504
2903
2679
2282
59444
13176
3057
2684
10144
2476
7720
2612
14001
2442
2547
2547
2716
2857
2725
2552
2498
5360
2442
15192
2863
2656
2783
2691
2624
6927
3290
4003
2350
8150
2255
33746
3009
2477
2766
2223
2578
5452
2377
3911
6265
2458
2847
6135
3362
4396
3215
3509
5478
2688
20432
3325
2376
3422
6617
2819
6568
25917
2237
11395
2428
2378
2915
2659
3872
3200
2377
2268
2399
2229
2248
16920
4625
145804
3415
6848
2223
3234
2885
10622
2291
2288
3196
3499
3231
11810
6365
8256
2440
2235
2301
2422
10256
3004
19746
3054
7691
2716
2680
2244
6172
7234
2954
4315
5810
2281
7455
2509
3019
2981
7474
2825
6301
9141
4517
2688
3744
2663
3537
2240
2523
2520
4368
2481
7908
2286
2762
2397
2282
2276
3699
7012
3659
12481
4832
2567
9545
2223
2276
2538
2353
2759
3271
2525
6948
2602
2519
2325
2899
2453
8659
2441
2572
3840
2487
9797
2813
25814
2585
3117
3911
2591
15748
2712
2653
4758
2469
2262
3820
8679
2444
2542
2279
2443
2969
2520
24788
2268
22836
3812
2385
3619
2569
2372
2687
2635
8805
3946
2702
2436
2263
5440
2686
4104
3017
2845
3599
2284
3891
5589
18924
2666
3430
8704
5900
2313
2501
6993
2604
25860
2692
2318
3289
2937
3732
2425
2662
13334
7800
7930
5546
2367
2684
2955
2238
2422
2734
3085
5315
3075
4225
3235
20242
4036
3416
9016
2326
3374
2287
5886
2472
15767
3160
4827
2335
2638
3665
3844
2489
37236
5551
2314
2615
3996
2530
2617
4665
16076
2256
2495
2380
2322
2393
2378
5122
6171
2338
3071
5057
2283
3886
2529
10370
5204
7362
3189
4768
2383
2322
2976
2277
3816
3304
4503
3867
2647
3186
3784
3210
12277
52127
2312
2383
11277
3626
2371
5100
35237
7838
2617
5001
6795
5654
4478
2262
6885
2620
4474
2701
2536
17763
2289
2500
2266
2971
2979
2285
3010
47561
2238
2485
5425
2525
7612
38943
3515
3471
2229
25417
3899
4706
7248
5420
2930
21586
12007
26185
10102
42507
4207
25743
7487
2707
14952
2666
2646
2890
31982
2412
29348
2513
13771
2432
4520
2249
3615
2641
3410
8217
6884
2255
3121
23998
3455
8367
33940
2556
40284
3361
3598
2332
4361
2841
8557
8176
3115
4452
5674
5564
2535
5073
2657
6179
5091
2298
2311
3618
3360
3192
4540
2331
2259
6785
2574
2409
2658
10292
2399
2224
3524
7218
2999
2526
3042
2952
3249
2459
3035
4450
5515
2305
2503
2253
2554
3019
3148
3090
2801
3335
24475
3026
11225
8546
6901
2231
3581
2301
6527
7380
2479
3648
19880
3037
2476
6654
3205
2722
4605
2376
2266
7831
2355
4792
2922
2291
2369
12507
5005
4606
2834
2947
2518
2539
3960
4474
11952
16182
2438
10068
2436
16241
2598
2591
10279
2889
2269
2420
5883
5469
13466
5337
4422
7411
2582
2351
2276
3089
2308
5851
2261
2634
2833
2342
2251
2264
10178
2317
2469
2981
2492
2462
20809
2370
2727
2289
20332
2972
3006
4706
2741
3378
5607
2314
2675
2674
15311
4172
53569
4950
4630
4164
2283
2818
3233
2946
2702
2481
3316
19984
2556
3981
5136
2234
2306
20936
32341
3130
2224
2827
3380
2694
3527
4001
3214
9829
4325
40055
5619
57576
6532
96346
2481
3029
2328
967472
2811
3499
2332
12852
3282
3044
5144
2258
1151146
2601
2584
3438
17392
2273
5649
2227
2327
2251
2254
2722
2441
2308
2844
31082
2382
2223
4714
5493
2582
2406
2709
4097
4878
2504
2820
18785
2443
4144
10560
5848
2227
3113
12870
95734
7279
2628
3197
3726
4298
3120
12504
2399
3049
2478
194246
2713
2775
9682
2421
64470
5090
2681
4790
2361
11307
2250
76544
24813
17464
3165
4889
14972
4144
2364
12776
3182
2486
27269
4181
11351
2268
2277
7154
122340
4000
11277
4259
3095
2576
2386
58987
14364
3619
3017
5396
4909
2222
10569
8968
2620
17356
2297
2429
2470
3317
2223
3171
51787
3224
2462
3507
3802
2378
2766
3225
2774
2336
2502
2392
2426
2262
3515
2262
5230
2988
3872
2391
2405
2360
2416
2339
2417
43352
4015
2366
2222
3988
3641
4382
2959
5535
4895
3159
4642
2256
7469
2906
2306
428204
2687
2415
2234
7592
7972
2315
3290
3357
3990
10423
4619
2233
2296
2277
162258
4253
2576
4578
20753
2874
3047
19677
3016
3067
3380
3935
2240
3563
7358
2466
4053
2866
2691
2344
19157
6623
2268
70193
2388
2316
2516
4134
2241
2825
2350
7347
8927
2609
5678
5077
2292
2417
2810
2227
5027
27389
2525
2261
2273
6439
2249
5985
2909
2292
4066
2688
4755
2307
5246
4043
3575
5892
5629
2320
4347
2337
2359
3271
3202
2994
2496
2508
2447
4682
2223
5420
6991
16128
2243
2838
3820
9363
2921
2383
2373
2470
34411
2360
8854
2859
2328
6176
7373
2538
3665
3176
2439
2714
6280
3018
2351
2462
3269
5999
53956
4980
4558
2520
2615
4316
4871
3598
2780
2425
2280
10359
5053
2233
2688
2253
2224
3839
2400
3038
4314
2497
2567
2388
2320
2529
2863
2386
4059
2445
3434
2424
2974
2369
3559
2309
2261
4496
295536
2412
2227
2657
3739
2492
6803
13829
2791
81017
2522
3674
2600
2413
2534
2231
3248
2370
6299
2521
2440
2224
2466
2529
6400
3865
10470
3585
2268
2296
4400
2719
2502
4856
6209
4802
2224
8871
2237
5374
2337
7518
3192
2270
2615
7457
2877
2442
2428
2508
2861
2727
5443
3282
2295
3126
2319
2695
2442
2566
3012
2581
2732
8330
2915
7994
2232
3517
3957
3296
2266
5185
2877
3241
3812
6861
24807
2449
3819
2254
2266
28477
2494
2431
3036
3646
2424
2554
11484
4973
2316
99193
91704
4347
5501
7783
15992
3085
9404
19238
3653
2287
3227
2745
2269
115059
3172
2641
3886
13656
4933
3853
2673
4175
2386
6018
4234
3886
2623
7221
7853
11093
3149
5314
2280
14419
3505
2611
2973
47041
2382
3553
9329
4066
15797
2660
2322
28772
2559
3110
45952
3033
2432
2858
4025
4189
2357
2568
3087
3196
2721
3688
2685
2248
3020
2661
2245
2910
2275
2265
6673
2346
2232
2278
5706
2241
2674
13340
10460
2341
3397
2282
6564
2847
2232
3493
24944
9282
3103
2277
2301
2305
7685
4546
2433
7426
2482
5919
4094
2863
2331
2656
3560
4803
4081
97220
2902
9658
25089
2351
2487
5881
2307
2244
2844
4756
2542
3787
2509
4805
4218
3324
2869
7211
2335
2382
3482
6273
5238
3705
9722
2582
2271
11058
6223
4059
2897
3932
4391
2357
2924
2700
7284
16219
2438
2240
2858
2798
6670
2328
2312
2696
87565
2863
7788
3283
5486
2597
2481
3187
14188
2474
2253
4783
796332
2836
3355
2239
4033
3062
2435
2743
2598
2494
48948
2720
3672
4122
3246
4747
4639
14194
22375
3695
2254
30708
10083
2474
5391
2641
2491
2363
4129
3524
3633
2965
3652
2246
2650
3921
2255
2775
6201
7699
4335
3559
9068
3023
2288
8069
2743
2470
2366
3510
4295
3459
4238
14543
18117
3700
2236
23445
5098
2835
4663
2538
2442
5899
10823
2718
2565
8252
4815
2249
2570
2985
2427
2242
8337
2710
4337
3008
2442
4922
4003
2988
3949
5680
3724
2881
2249
3229
2486
2331
2668
3093
2987
4651
3582
2253
3543
3355
2330
4004
2715
2433
2539
2393
8826
3213
3005
10690
8472
4333
2904
2413
21286
2295
18773
2302
2982
19775
2568
2242
3213
2598
2376
4155
6876
3487
2728
3594
2598
2758
2429
19768
6451
14475
2732
8688
5511
8030
2232
2653
3029
2801
19731
3289
3255
7024
2427
2607
2748
2528
2394
2884
2721
2548
3713
2276
4423
2746
2468
5207
2574
2278
3138
96321
7464
4156
4607
12216
2509
2525
8695
2416
2444
142448
2257
72230
2483
3196
2745
2670
9438
94755
4258
2340
3582
5974
2287
3813
2769
2716
2248
2227
2610
5767
2623
2245
9827
2776
2222
3038
12857
5248
3722
2562
2568
2406
15199
2449
2304
4828
2356
2279
4173
2228
6791
7446
4813
8031
2261
50464
8102
3623
35633
3325
8277
2954
17987
2703
28558
2547
4635
2537
2298
2234
3781
4306
2398
5895
3796
3409
7287
6546
3432
44666
3271
2317
3507
3899
2295
2288
3160
4823
3225
2342
2395
3164
2314
31165
3818
2561
2928
2576
5235
3921
2946
2319
2642
19811
2498
5243
2299
25673
6974
14405
4205
2235
33456
3121
3381
5063
3437
3091
2952
2995
2419
7431
3338
8674
4424
4127
10926
2392
3735
3150
2982
12111
6823
3621
4140
5706
2265
10030
4467
2301
3152
3695
8883
2243
3963
2486
2225
6134
2447
39260
3260
3217
2456
2680
8301
4067
4284
2309
2991
2400
12550
2555
2285
2231
2453
4122
3027
2350
4568
2893
2636
3148
3090
2246
5821
4783
11116
2346
2721
5591
2856
3000
13266
2872
2484
3499
2318
4745
10765
3510
4156
2323
2290
2386
69400
37379
2448
2475
14811
2260
5506
2921
2414
2755
2367
2305
3139
5423
2606
2681
20579
2526
2603
2275
2774
2913
2305
2455
4641
2789
2458
62235
2230
3511
2476
2328
3009
2380
2678
2897
2514
2425
2724
4004
2619
2230
4109
2322
2679
4545
2527
2222
2251
3655
2373
2412
7714
2927
2340
2244
17261
6644
3197
2826
2749
2518
8147
3526
2465
6248
4565
2407
3403
2549
2843
6263
2261
27601
2375
2772
2450
8788
3013
11591
2587
2393
2305
10145
2889
3712
47622
2712
2564
2534
3433
4789
6591
5706
2505
18419
3051
2222
2987
2573
7563
3904
3270
2539
2908
3199
62097
8857
62858
2422
3474
8123
2637
5256
2691
3455
2498
3948
15147
5209
3561
3348
3828
2447
20641
3813
2971
12439
3334
2383
4507
2846
3297
15831
6811
6053
216916
2604
3025
2424
2346
50028
5375
2622
15467
3638
3448
10096
2678
4188
3331
4456
5141
2657
8853
4047
3504
2262
39922
2602
8198
2358
2445
2834
2622
4657
4143
7555
6724
2586
10011
3002
2248
2686
4428
3314
3992
4556
2669
2880
2622
5054
3872
3824
2604
2226
5309
3547
3270
2310
2333
4249
3071
9249
2795
4038
6013
4760
2622
5638
2533
6917
56438
2357
5806
10880
2941
2471
2729
2509
2387
5063
8722
2423
2630
5297
10946
38880
2517
3148
2244
2261
2651
3298
2358
2236
4081
9116
2523
11525
2608
2500
2423
3200
2577
2722
3372
2230
9603
2685
2291
2230
3247
2778
2256
5310
2673
5984
2418
2379
3318
2591
2627
2966
2499
3669
29202
9264
3627
2262
2459
2467
6887
2263
3759
5838
2399
4756
2291
7402
10511
4967
36331
2441
2578
2306
10476
2893
3778
3036
3116
2989
2261
72623
2372
3961
2310
3021
2510
2739
8111
2263
2233
2286
5328
5360
2658
47514
2537
2230
10597
2507
14158
3323
3135
4745
4669
3332
23567
3003
3909
3184
2467
5151
7693
3643
3470
5015