408
357288
1156
1016
1071
1275
1264
1328
895
4958
2248
1149
1049
1638
1439
9058
1425
948
1138
2203
1281
938
1425
1657
2804
1619
3234
3667
1023
1448
1512
1029
1263
1658
2104
1040
1212
887
1683
946
1111
1629
959
1024
988
923
875
1445
951
2661
4197
919
2827
1219
1296
994
1901
927
1460
890
1143
911
5164
2472
1198
990
1157
878
904
945
1537
1018
953
1101
1182
934
933
4223
915
890
1441
6517
9139
1146
2292
1204
1096
904
907
2014
875
3551
1080
1135
5497
2490
1673
1771
1159
882
4066
3586
1043
1009
1074
2141
978
3313
1271
1295
3405
878
6100
889
2305
973
1023
1266
1095
890
1041
1593
927
1683
964
2422
1173
1258
1009
943
1138
2497
964
1176
5920
937
1058
1066
910
1271
2452
4886
3664
905
1221
13427
3237
985
6212
983
1529
888
912
1002
935
7367
1189
1441
1068
1277
1784
1911
886
946
899
1558
876
930
3438
1177
946
12335
4296
1651
1266
1145
1454
875
1275
1131
1025
893
5052
875
1504
898
898
976
904
1113
1781
1071
943
1377
1419
1731
894
1482
987
948
1156
7383
2655
997
3804
5151
1323
2276
3043
1023
1149
1630
2424
912
1277
1994
5508
1523
923
997
3645
890
3390
1022
2201
900
1076
1319
11140
5385
1280
44007
3074
1075
932
1027
1766
1139
1223
1487
1131
1283
1280
1313
929
1056
2174
12445
882
967
1269
1131
964
6548
2039
885
20882
1015
2393
1235
1040
1907
1052
2414
33986
1930
894
1188
4930
2082
1020
2531
929
7304
954
996
4659
1351
1708
11878
2296
900
1546
1209
2783
883
4301
25656
4228
5361
891
15724
9268
882
4313
3051
1330
927
915
923
1102
1430
7556
916
1044
2055
1054
982
899
875
3879
1447
1077
4115
1192
1205
28037
955
1115
902
1184
5928
962
2084
1271
1487
954
1055
1767
995
1695
1038
10620
1682
1530
911
926
1379
1921
1017
4967
35910
1979
15376
1728
2999
919
10300
18021
2556
1127
876
986
1056
875
1032
3588
1320
1188
157955
1000
1021
1316
898
1092
927
886
1356
892
938
886
889
18898
2897
1260
2229
943
2128
5689
880
2537
1005
1228
1042
2007
2156
1365
1663
1315
994
2688
1623
1039
6940
943
970
3541
1001
1969
2835
15958
1345
1312
2937
2704
892
2425
938
913
934