923
694705
3163
971
1226
1122
774
1395
882
832
1325
846
842
776
777
824
765
887
825
1248
2390
756
1081
1426
1164
1107
1088
1991
752
1121
1866
1238
6112
3700
993
779
889
908
958
6593
2812
1506
820
1449
1699
925
995
756
799
883
950
906
1071
972
915
1008
2736
10721
758
1340
1277
857
1030
754
2696
977
1490
963
1233
820
799
1076
980
804
39267
2010
1798
783
2420
880
790
785
815
8746
917
8150
834
802
757
863
752
851
1075
753
794
2814
933
946
928
854
9224
838
6287
808
1823
2008
10600
1568
13837
12420
752
985
1230
2116
759
1112
828
2713
1626
1573
1188
1060
824
846
801
890
858
890
1426
836
2233
848
1138
4419
1002
2038
1627
778
759
758
1108
965
793
1078
763
826
836
2192
1213
1082
7296
1465
2221
1092
858
2673
932
40007
1071
3670
1089
807
1048
2001
1181
1201
1175
861
2328
1081
1895
756
1020
1130
8314
931
1000
1255
4916
779
933
840
762
779
1271
5286
1105
868
819
917
1040
34619
12474
863
827
1274
1519
754
6810
1017
1793
6642
33825
10486
791
1100
3089
912
4332
770
1127
2716
943
766
994
2562
1009
1816
1784
53853
917
782
3255
1475
1220
2743
763
1362
769
1295
754
1592
794
782
15016
1565
840
780
1691
1357
853
1289
1073
949
2661
1027
866
948
1205
804
764
2071
758
878
1213
12199
849
799
1997
841
829
847
812
1084
810
828
1023
808
1872
784
2047
1276
1345
803
1547
921
822
1583
906
1630
927
1242
799
986
1118
1025
2903
1924
1596
779
793
885
1237
754
848
757
946
965
1643
758
1317
960
2219
1405
1190
2411
864
817
869
2314
2168
979
2045
1123
1016
767
1061
802
1165
983
1431
809
772
752
6457
4448
3002
768
7353
817
1338
770
1406
2798
781
2367
1250
1007
771
9496
1576
1095
11391
955
753
768
899
767
1231
1863
859
769
756
2480
1416
1138
1099
1291
797
3662
757
861
3038
801
834
1480
5608
1220
65296
757
1788
862
3001
942
1539
3464
934
854
818
1197
3496
3718
1760
1168
14384
803
771
1147
800
1535
1036
15699
1198
812
1637
871
1885
1811
936
4174
791
1957
1015
806
2743
1165
117916
2131
1640
796
60921
1305
927
781
1053
5545
861
837
2022
752
1197
1745
1156
1086
6226
7732
860
1696
770
876
809
906
753
887
1163
770
1178
885
5765
912
941
862
919
1352
1335
1052
2736
778
1967
753
793
1710
1435
1051
806
1364
1005
1198
3279
3193
804
789
1069
2490
868
919
1284
855
782
824
843
1213
1713
2000
772
822
1438
4991
1112
1015
1227
1062
871
18287
1351
948
115035
5493
823
4088
779
23174
1153
1097
2794
2605
777
114489
2284
2849
895
774
1326
1080
773
2147
1100
1657
7169
827
1497
1355
791
955
2254
8889
790
1268
3876
764
754
883
2366
794
885
932
794
808
785
945
9822
1126
1389
788
28109
866
1250
982
1989
1355
4249
1044
758
795
1734
3603
818
783
1287
2911
2468
831
911
1017
797
854
2422
848
1860
781
1079
785
1002
845
998
35102
1029
821
861
1078
794
830
855
1448
852
880
753
1011
986
890
1166
1316
822
1102
869
823
962
760
1507
768
855
773
843
1032
1870
937
2072
757
1128
770
1420
768
1106
811
1512
993
756
1142
840
984
913
2056
1170
4021
954
817
1026
1033
4795
1621
16165
2157
759
759
2468
1337
820
811
1482
752
779
777
11563
954
1191
1626
1497
1080
12224
1844
952
1441
920
15015
1786
1153
794
1438
766
929
820
803
1097
1346
819
6880
1757
1330
959
3896
993
1366
1197
4668
894
911
10993
1043
3582
883
1780
1025
1078
1342
766
755
760
762
1261
6175
771
33917
39270
926
2703
813
3537
771
1565
989
949
806
790
853
9119
1382
809
807
1055
2595
864
872
1367
1140
1733
802
11667
1209
1538
1019
1465
774
1060
1262
753
759
2167
3425
1021
9917
777
777
762
1225
798
1306
820
1092
6182
2538
3996
7665
1121
1141
775
761
2357
893
1073
5028
1166
4273
963
800
915
1488
1615
1271
2221
800
7157
841
775
753
8983
828
11827
4678
3401
822
752
788
1710
817
1195
788
857
2014
752
794
4842
2610
989
1307
753
1321
761
969
1121
811
778
755
1150
789
9739
814
830
2933
2672
1193
794
7645
839
763
5760
22353
1957
754
3039
1536
2027
782
837
1605
894
1011
1004
767
2424
948
1024
4652
759
2152
873
1019
1207
1105
875
984
2349
1669
7504
1297
851
1023
797
2370
752
926
755
775
1009
6163
948
754
6502
2068
942
786
758
1411
853
1853
827
763
983
752
1483
2628
797
808
858
789
1114
2191
757
795
839
6094
1176
753
1073
991
6213
778
790
2853
2366
964
1055
3992
1866
1244
780
807
8378
813
1063
752
786
1458
941
1980
11174
1822
859
1025
13759
757
1209
1303
987
902
4167
856
979
777
1692
1253
788
878
1645
4140
987
2171
837
1001
47402
11768
1948
1581
793
858
3947
837
869
2453
885
1184
848
824
929
2208
1294