14379
Ideas II
6.97
3.04
4.53
5.26
6.31
6.97
4.72
6.72
8.12
4.09
3.38
3.3
7.78
5.15
6.08
6.4
3.26
4.4
3.69
1.01
1.91
9.21
8.76
9.8
3.23
6.81
9.52
1.38
7.9
5.73
5.5
8.3
6.38
7.47
2.17
5.84
4.12
8.04
1.14
6.69
9.08
8.51
5.81
8.18
2.15
5.97
8.2
2.26
4.85
6.68
4.99
1.94
9.82
6.58
6.94
1.25
3.61
6.92
5.38
3.89
9.95
4.52
1.3
9.59
1.27
7.4
1.54
1.53
4.66
4.53
6.6
6.46
9.75
5.86
1.61
7.09
9.59
7.15
8.71
4.92
9.52
2.15
4.98
1.02
3.25
2.69
7.44
2.52
1.26
2.08
8.17
6.18
9.18
7.48
9.98
4.27
1.91
4.74
7.67
8.33
4.7
4.95
2.71
7.57
7.3
5.03
9.83
5.29
3.58
2.64
8.0
5.88
9.19
3.77
8.34
3.43
7.71
1.78
3.21
2.84
3.4
4.53
7.06
9.95
4.09
5.91
6.42
1.09
1.86
1.32
3.46
1.07
7.24
7.43
8.82
4.34
9.66
6.38
3.5
8.79
4.21
4.55
4.54
5.66
9.42
5.22
8.52
9.15
8.12
8.02
6.03
7.9
3.29
6.48
4.55
5.81
2.77
6.69
4.88
7.98
5.71
8.41
6.44
3.25
5.19
9.19
5.4
6.35
5.63
3.74
6.14
7.6
7.83
5.58
8.81
3.52
9.25
7.15
8.9
8.6
2.37
4.36
3.75
7.63
1.21
9.43
4.9
2.04
7.9
7.11
6.37
7.21
1.41
1.92
1.45
3.9
6.09
3.12
9.3
6.46
9.88
1.72
2.46
2.32
7.83
8.35
4.91
5.99
7.46
5.83
9.66
6.07
8.39
3.53
9.7
6.78
5.2
7.81
8.54
8.1
8.41
1.43
4.32
9.6
7.01
2.81
6.71
3.35
4.21
8.39
1.82
3.5
3.28
2.98
3.81
7.62
7.53
6.73
3.29
5.09
3.41
1.66
1.21
9.29
5.43
6.3
1.79
7.87
8.21
9.47
2.67
2.9
8.2
6.08
6.95
6.39
8.64
2.41
8.12
6.19
1.2
4.15
2.46
8.48
1.82
9.79
8.02
9.09
8.58
5.65
5.49
6.23
3.92
2.05
7.89
3.03
1.77
8.69
1.5
1.01
8.2
4.36
3.51
9.89
5.22
7.65
5.44
8.27
6.38
4.81
2.13
8.7
1.18
1.29
4.21
2.09
3.6
7.85
7.15
1.24
2.0
4.44
8.16
4.35
4.74
6.48
2.62
6.78
5.79
6.31
8.54
3.45
3.34
7.98
1.54
5.22
1.49
8.65
3.67
5.28
1.98
3.87
8.74
1.94
8.2
6.12
5.6
2.86
9.42
9.59
7.84
7.28
3.04
8.67
8.96
3.39
2.84
6.9
8.15
5.32
8.21
5.76
1.42
9.56
2.78
5.34
4.39
5.78
5.92
3.11
7.47
3.11
4.35
9.53
6.13
9.52
9.41
4.16
7.99
4.18
7.12
1.34
3.22
8.09
7.16
5.66
8.28
2.59
1.75
2.74
5.54
2.63
3.72
9.27
5.36
9.59
5.49
2.78
9.97
7.12
5.56
7.15
6.4
2.5
3.12
6.04
7.3
9.01
1.52
6.31
6.13
9.15
6.39
5.98
6.66
8.15
2.99
7.41
6.61
4.68
5.6
4.57
5.17
8.93
7.38
9.51
4.86
6.76
2.32
8.41
1.18
5.92
5.3
5.44
7.17
9.75
6.49
4.94
7.52
4.02
6.92
4.05
8.08
7.01
1.12
7.97
9.16
9.99
8.81
2.28
9.35
8.29
3.87
3.35
7.37
1.03
4.31
6.72
6.59
3.07
5.79
9.31
1.25
7.88
8.96
7.48
9.48
6.29
3.25
1.57
1.39
5.39
2.92
4.07
6.1
4.81
6.79
5.53
4.94
2.04
3.94
7.89
4.78
9.17
9.24
7.06
2.43
7.57
8.74
1.4
9.84
1.52
4.6
8.06
1.0
3.45
3.52
8.16
3.05
6.6
5.5
6.53
1.77
4.98
7.22
2.71
4.17
3.68
2.47
8.72
6.41
4.87
4.14
9.11
2.94
8.03
1.35
7.3
9.38
5.64
9.81
2.46
4.02
2.31
2.58
3.88
6.45
4.49
2.12
8.28
8.34
8.08
5.04
2.63
8.55
5.06
4.14
2.55
2.25
2.25
2.69
1.42
9.91
3.57
5.7
8.83
5.57
6.7
4.17
6.01
6.08
3.3
7.82
9.76
4.39
5.23
3.87
6.95
1.93
6.3
8.98
4.71
6.67
1.91
6.9
8.01
9.52
3.97
8.99
7.23
4.77
3.96
5.81
7.08
2.3
6.39
6.74
9.98
9.91
3.18
7.1
3.23
6.32
4.16
1.99
4.51
7.96
9.37
2.98
6.67
5.22
9.8
6.59
3.95
4.75
9.17
5.47
8.63
9.6
3.49
3.12
8.78
3.13
4.31
5.28
6.2
9.12
8.69
8.72
8.82
6.73
8.87
9.03
1.03
1.83
6.24
1.35
8.75
3.92
1.99
3.88
2.21
6.05
6.49
5.44
8.49
2.3
7.74
1.64
2.42
7.27
8.83
7.22
9.24
1.72
8.12
7.09
6.09
4.66
2.23
7.1
5.07
9.03
2.15
2.23
7.12
4.71
1.97
7.26
7.21
4.42
5.67
7.34
2.69
8.47
6.36
7.91
3.15
7.76
7.39
8.5
1.1
1.83
4.19
4.91
5.46
1.52
8.05
8.63
9.08
5.11
6.38
3.95
1.75
4.79
7.52
7.43
6.81
3.61
8.36
6.28
1.16
6.45
4.56
9.87
2.12
4.46
6.26
1.42
5.99
2.16
2.52
1.5
7.07
6.74
3.44
5.11
7.15
7.83
2.34
2.37
5.93
7.94
5.41
8.5
2.83
9.49
7.16
5.95
2.08
6.74
1.87
8.63
5.08
4.05
3.18
2.27
1.62
9.73
2.89
1.36
5.3
2.61
8.93
9.66
4.29
6.37
3.34
3.75
5.79
6.51
9.21
7.42
5.39
8.29
1.78
4.25
1.94
4.33
5.66
5.5
6.6
5.29
2.41
3.93
3.31
7.46
7.53
4.29
1.36
5.22
4.67
4.13
4.82
3.04
7.22
8.84
3.63
3.48
6.66
1.48
9.09
6.74
5.64
8.52
3.67
1.86
4.52
1.47
1.37
4.75
5.71
1.94
9.06
4.16
9.59
7.01
8.03
1.22
5.26
2.01
5.35
3.99
3.32
6.62
5.46
1.88
1.89
3.49
8.31
8.03
9.1
5.73
5.11
2.02
5.33
5.15
2.51
3.38
2.96
9.5
1.05
4.55
9.47
3.89
5.46
7.58
7.95
8.14
5.62
1.46
6.18
9.52
7.2
1.45
2.22
8.12
4.62
9.03
2.33
8.86
2.75
3.14
4.92
1.74
5.78
7.45
9.24
4.99
1.32
1.23
2.95
1.42
9.97
5.29
1.01
3.4
4.67
6.98
3.22
8.02
7.73
3.97
4.98
2.94
3.14
3.92
3.06
9.96
4.5
2.28
3.06
7.77
1.26
1.66
6.61
3.17
8.73
5.19
4.61
7.48
2.36
3.02
3.37
8.14
3.05
6.97
9.67
8.13
1.76
8.81
1.69
3.17
8.18
5.24
5.36
2.5
8.07
1.32
8.69
4.43
4.77
7.52
2.68
1.02
2.24
9.1
4.47
3.52
4.03
3.66
1.77
2.28
8.22
1.04
8.64
4.52
3.98
5.33
5.34
4.33
5.06
3.6
8.62
4.8
9.86
5.21
2.26
4.89
4.64
7.88
2.78
8.38
4.2
6.69
7.24
9.22
7.25
2.82
9.44
6.19
1.63
9.8
4.11
1.12
6.51
7.44
2.03
1.02
3.4
9.56
3.69
9.51
7.94
5.02
1.08
8.67
9.65
5.94
1.83
4.94
6.2
4.94
2.97
9.87
2.0
7.09
1.94
5.89
8.62
7.24
7.92
2.86
8.32
3.16
3.26
7.03
3.96
4.8
6.43
1.31
9.94
2.95
2.65
6.06
1.62
3.79
4.98
6.23
7.1
7.01
2.38
1.57
8.69
2.76
3.54
4.19
8.13
7.23
8.65
3.39
4.24
4.51
5.73
5.61
4.75
7.49
4.93
7.49
8.91
5.62
5.36
5.37
7.88
2.3
9.65
7.62
1.28
7.32
8.86
6.05
7.68
8.39
8.95
9.74
3.38
1.55
9.21
9.97
4.43
7.32
8.59
5.38
3.74
7.37
3.97
3.05
1.16
9.65
9.91
9.76
9.29
8.26
9.96
9.81
8.41
7.44
5.71
3.15
8.14
8.81
8.59
4.05
6.02
4.34
3.35
7.36
6.24
5.1
6.43
7.41
2.12
4.72
9.87
4.39
2.67
6.4
8.43
6.06
4.88
4.45
5.69
4.84
8.94
3.18
2.24
4.02
6.28
3.11
5.45
1.3
6.66
9.58
1.13
5.05
7.82
3.83
8.83
9.18
2.31
2.8
7.63
8.33
6.19
7.26
4.16
1.68
6.7
7.6
8.91
2.5
4.79
2.32
5.55
6.77
2.64
2.47
5.32
9.36
9.29
2.79
8.14
1.74
4.72
8.89
8.07
5.86
8.08
7.64
8.3
5.51
4.01
5.51
9.61
7.46
1.06
1.72
7.39
2.99
8.34
7.5
6.03
8.32
9.14
2.96
9.04
1.52
8.31
7.02
8.8
5.55
6.26
7.1
5.51
6.54
7.93
9.97
2.34
7.88
3.29
6.13
9.96
1.79
1.64
3.14
8.16
8.35
3.87
5.75
6.07
1.73
5.15
2.38
5.45
5.47
2.14
9.03
6.8
8.77
3.47
3.7
4.32
4.82
5.48
4.51
3.29
4.46
8.24
1.12
5.18
5.4
8.29
4.07
8.76
7.61
5.02
6.74
5.05
2.2
4.8
5.56
3.06
2.24
1.44
8.23
8.29
9.89
2.57
2.11
2.94
7.93
4.12
9.65
4.58
7.12
6.08
8.46
1.65
7.97
8.38
1.77
9.48
1.66
4.13
4.06
4.98
3.38
2.77
5.54
4.61
1.7
2.08
6.23
3.49
1.99
9.13
4.96
1.54
5.93
5.74
6.96
4.2
3.41
2.47
4.38
8.43
8.44
1.86
7.77
3.89
8.94
3.54
2.43
8.27
2.23
4.54
6.91
9.35
7.49
7.01
6.06
4.55
9.18
9.1
2.19
9.59
3.87
6.27
3.91
3.75
4.56
3.96
7.63
6.33
1.43
8.03
4.09
4.97
2.71
2.69
5.24
6.16
1.3
4.95
7.94
8.2
4.51
7.07
1.87
4.41
1.22
5.82
1.18
9.78
5.17
8.5
1.22
8.91
6.25
4.69
7.04
3.5
2.59
6.0
3.3
9.16
8.36
1.21
2.17
9.39
8.07
8.53
2.66
2.84
7.27
8.78
7.41
4.65
4.14
2.15
9.38
7.84
3.1
9.71
5.78
2.45
6.12
6.6
1.02
2.35
7.64
2.35
8.5
7.65
5.93
7.61
4.54
9.38
9.11
1.78
2.26
8.0
3.42
7.16
9.64
3.23
1.21
1.12
1.49
5.54
9.6
6.59
9.46
4.9
7.31
1.87
8.33
3.08
8.59
2.12
3.4
2.51
8.68
4.26
6.98
7.99
8.46
5.36
5.19
4.61
5.96
4.31
4.46
7.25
5.12
8.22
9.22
6.8
1.28
6.64
2.2
8.28
8.29
1.29
6.29
7.7
4.8
8.83
7.32
5.68
5.83
5.53
7.31
1.05
6.78
6.05
9.65
2.76
1.58
7.96
5.15
6.22
8.03
2.93
1.52
9.73
9.64
9.72
3.87
2.37
6.32
6.56
4.52
1.79
7.85
9.76
8.11
2.73
1.48
7.61
5.64
5.94
5.59
8.72
1.36
2.79
4.93
6.61
8.66
8.46
6.18
7.98
4.06
3.66
5.48
4.77
3.34
5.95
9.28
5.03
7.56
6.15
1.78
3.83
6.16
6.2
3.57
5.33
9.2
2.89
1.7
3.33
6.88
4.2
5.87
4.41
7.54
1.34
4.24
7.25
6.86
7.9
4.06
9.74
6.92
1.46
3.73
8.58
5.2
6.28
4.91
2.48
8.95
9.55
3.99
8.97
9.14
7.57
3.58
4.05
7.31
8.24
7.6
4.58
3.66
4.9
7.97
1.85
5.57
6.75
4.55
3.51
6.05
5.5
4.39
6.55
2.63
6.61
3.46
1.48
6.67
8.54
1.43
3.8
1.44
1.22
7.46
7.72
2.44
7.34
1.86
1.78
8.54
2.08
1.48
5.52
8.24
9.6
1.1
4.88
2.32
8.36
8.36
8.47
4.28
6.23
1.22
9.12
8.96
6.37
4.35
2.63
6.97
2.14
3.88
8.19
3.31
3.82
9.63
1.47
5.41
5.33
8.87
5.34
3.63
4.54
4.45
7.39
8.71
3.68
7.9
9.62
2.3
5.41
8.17
2.4
1.24
4.81
7.76
7.9
1.26
7.83
4.45
9.53
4.9
6.21
1.63
1.36
3.06
7.48
6.58
6.38
6.97
7.32
1.44
7.77
2.03
2.88
9.32
4.32
8.8
3.63
1.59
6.57
4.23
2.17
9.04
4.94
7.48
3.37
5.12
4.66
1.88
3.93
9.6
9.39
4.33
9.32
1.9
1.16
1.55
4.89
6.5
7.79
8.67
2.86
4.71
5.59
8.59
9.71
8.9
4.25
5.93
9.68
7.13
3.52
5.91
6.49
9.1
6.84
2.48
8.49
4.35
3.97
6.26
9.49
9.96
4.33
3.26
6.26
2.16
4.84
4.08
7.45
5.99
9.9
8.26
9.42
3.41
2.53
1.52
3.62
2.71
3.78
5.3
8.61
1.1
5.48
2.59
3.77
4.46
3.2
2.84
5.37
1.19
7.02
6.25
9.96
5.5
1.86
6.17
8.14
7.12
8.02
4.13
8.07
8.77
3.78
5.98
3.22
1.29
4.27
9.72
4.71
3.37
8.33
5.1
3.31
3.09
6.32
6.07
6.03
2.79
5.25
5.09
8.2
2.9
2.66
3.25
9.78
5.71
7.87
6.8
7.37
2.89
9.95
6.65
4.21
2.33
4.52
9.16
9.12
3.73
6.54
6.1
5.24
4.45
7.99
5.61
5.93
3.53
4.26
8.96
6.65
9.36
3.1
9.22
1.85
5.08
4.92
6.3
6.51
7.86
3.86
4.41
3.13
3.09
9.04
5.19
8.23
7.41
8.57
9.68
8.2
5.23
7.96
8.44
3.96
1.1
1.03
5.16
8.48
2.71
3.51
5.95
9.17
8.6
3.41
2.5
1.87
1.28
8.5
1.62
9.19
2.5
8.44
1.45
2.57
3.72
1.17
1.89
1.8
1.1
6.37
8.0
1.5
3.82
7.24
1.5
1.3
2.37
6.71
7.77
4.52
8.6
3.7
4.98
6.64
1.08
4.26
3.46
2.25
4.03
3.99
4.32
9.13
1.03
2.55
5.54
5.41
7.98
6.15
9.45
1.89
6.83
2.84
9.46
2.15
6.15
6.22
5.84
5.93
3.15
8.32
5.53
7.5
1.93
9.17
8.36
9.87
8.49
9.96
6.49
4.71
7.78
3.82
5.47
1.84
8.13
8.53
5.66
9.97
7.91
1.35
9.71
5.39
6.54
5.35
2.66
3.04
8.19
9.21
3.29
3.1
3.46
2.82
5.7
3.68
9.78
7.7
9.26
4.65
8.19
1.52
9.62
8.11
8.61
3.27
6.84
1.14
7.65
3.86
8.1
3.88
4.24
2.62
6.95
7.96
2.01
4.06
9.89
4.32
3.02
8.59
6.85
6.51
4.12
2.45
4.71
7.64
9.73
4.4
4.63
5.27
3.31
6.38
2.92
5.96
9.28
4.56
4.51
1.01
3.69
2.05
7.87
8.32
9.17
3.23
6.5
7.39
9.87
2.08
6.78
7.3
1.56
5.51
6.02
3.46
5.61
8.89
5.14
3.41
1.12
4.14
6.33
5.83
7.08
2.02
5.63
7.56
8.54
1.1
5.08
7.95
6.85
2.19
1.24
8.21
6.81
8.37
1.52
7.26
9.02
6.54
6.58
2.47
7.42
6.38
5.39
4.99
8.91
7.79
6.91
9.69
8.26
1.46
8.16
8.07
1.82
9.85
7.44
4.94
6.58
4.33
8.04
5.58
4.62
9.52
4.92
3.0
8.58
3.4
4.52
8.48
5.32
9.52
7.16
8.33
7.44
3.9
8.1
9.77
8.42
3.99
5.32
9.3
1.29
4.27
9.1
9.67
5.94
4.89
5.09
2.68
7.29
3.87
2.62
9.3
4.43
2.35
4.3
9.33
2.71
5.8
8.99
2.72
7.95
6.49
8.81
4.65
7.45
3.29
9.66
5.83
9.14
1.1
9.65
1.93
3.06
8.11
3.45
5.63
9.26
4.88
5.75
5.82
7.82
3.46
8.62
7.06
3.95
8.83
9.94
7.98
5.18
6.34
3.79
5.97
4.95
5.71
6.17
3.2
6.96
9.14
4.32
9.68
9.36
8.68
3.85
5.69
2.6
1.3
8.91
8.5
8.14
2.76
2.26
8.82
7.89
8.51
4.3
4.45
9.65
6.84
6.92
2.67
9.5
1.5
8.83
6.88
2.87
4.76
2.34
4.71
9.96
4.06
2.58
2.66
9.44
3.67
7.44
9.21
9.65
5.23
2.31
2.13
1.49
2.04
4.59
8.88
6.25
8.47
3.52
1.97
7.11
2.8
6.45
9.21
4.81
6.13
3.91
6.92
5.17
6.21
1.61
4.77
1.57
2.81
3.2
6.99
1.64
7.25
6.46
9.1
2.25
2.14
3.74
7.71
7.45
3.41
8.42
8.59
9.45
1.15
1.84
3.81
1.33
8.95
4.04
3.74
2.85
1.7
8.91
9.75
1.58
8.11
8.44
4.13
9.61
9.16
8.07
2.55
5.98
2.03
6.43
1.94
3.12
8.63
8.59
6.02
1.93
8.99
5.2
3.29
7.55
9.28
4.41
8.74
4.55
8.41
3.75
5.36
2.33
5.96
9.79
2.75
7.06
4.31
1.72
8.25
4.62
7.69
3.48
2.6
2.2
2.79
8.39
6.1
7.82
2.65
8.29
1.24
2.16
3.0
3.47
4.14
8.39
9.12
9.71
7.5
8.47
3.58
1.06
1.23
6.59
9.53
7.21
6.31
4.71
1.31
4.85
5.27
9.79
1.64
6.75
1.74
3.93
7.0
4.92
9.78
1.91
3.79
6.14
2.57
9.08
8.91
3.16
4.87
3.8
3.83
2.81
2.94
6.38
1.58
9.63
5.33
6.94
8.72
7.35
5.95
8.13
3.97
6.44
5.67
3.01
7.67
3.71
4.25
6.87
2.42
9.93
7.89
1.36
1.88
9.39
7.29
2.5
6.21
5.82
4.38
4.32
3.5
3.84
3.61
4.02
2.07
9.79
6.13
5.99
4.51
8.0
6.82
6.0
7.51
5.21
1.11
6.72
1.2
4.49
2.22
5.59
1.06
2.49
7.14
8.85
9.74
1.33
4.01
2.02
4.37
8.86
4.07
2.25
2.79
6.33
2.68
1.52
1.91
6.61
3.74
4.39
5.35
6.02
6.04
8.55
2.89
1.65
2.61
4.09
2.32
5.76
7.31
8.73
7.75
9.26
2.67
7.2
8.32
5.31
3.69
8.5
9.12
3.08
6.01
3.78
1.84
9.73
3.21
1.03
6.58
3.54
7.45
5.15
4.25
6.15
4.35
2.68
4.14
9.29
9.02
9.39
9.85
7.81
2.47
8.52
8.83
8.4
4.13
4.8
8.6
1.59
9.17
4.12
6.96
3.96
8.39
6.71
6.34
2.59
7.03
8.91
1.5
7.14
9.68
9.23
5.48
6.18
4.86
4.56
2.26
3.63
5.74
1.57
2.42
5.41
8.27
1.19
5.79
6.11
4.21
6.9
5.19
9.18
7.83
4.01
7.59
5.16
5.48
7.06
4.49
6.1
1.42
2.58
5.88
6.13
3.94
6.13
9.75
3.33
7.71
1.54
6.39
3.39
9.59
4.45
2.84
6.02
2.7
3.28
9.5
5.51
3.23
1.33
1.49
5.16
3.4
7.8
7.41
9.77
5.73
3.09
7.54
8.3
4.8
8.38
2.63
9.79
2.84
4.47
5.62
8.59
9.74
5.85
5.39
7.47
6.3
6.72
1.95
9.44
2.03
9.46
2.59
2.33
6.37
4.82
3.86
5.78
9.95
3.07
9.62
9.24
4.36
9.47
2.89
8.68
8.74
4.82
9.83
1.01
8.68
7.7
6.74
7.51
3.42
6.41
2.36
7.34
4.91
3.92
2.16
4.96
3.62
1.09
6.83
5.45
8.66
3.8
7.9
5.07
1.24
7.38
4.02
3.34
7.0
8.31
3.37
4.69
9.21
4.07
3.17
6.33
1.01
5.93
4.99
4.91
1.35
6.56
3.12
7.45
8.12
5.06
1.99
4.97
4.74
2.54
9.03
9.11
4.37
9.94
4.55
8.99
1.86
2.91
1.43
2.47
3.62
1.63
8.9
4.55
7.77
5.61
6.06
1.95
3.83
6.21
3.44
9.87
5.47
9.47
2.79
1.88
2.01
4.62
9.67
4.35
8.43
3.32
6.94
4.25
9.34
4.97
6.58
9.58
5.43
6.85
8.45
9.96
4.76
5.59
8.07
7.09
4.49
1.25
3.15
9.43
2.79
9.1
9.93
2.16
8.68
3.6
7.77
6.16
4.73
2.04
3.36
6.26
1.03
6.32
5.83
5.35
6.14
6.38
1.21
2.36
7.8
6.68
8.88
4.1
2.72
5.73
3.34
6.25
5.56
5.22
2.15
8.25
7.36
3.33
3.04
6.42
2.22
6.13
5.47
7.63
8.78
1.45
1.33
7.77
4.94
9.05
5.79
2.74
4.68
6.33
6.29
9.2
6.56
2.39
9.57
3.68
7.93
9.77
1.42
7.49
9.75
1.9
3.61
8.4
4.55
6.03
4.57
8.49
3.51
8.69
1.43
5.07
9.15
2.16
6.46
5.52
6.52
4.36
3.89
8.56
3.5
1.72
7.12
6.69
6.94
2.75
1.06
6.53
7.01
9.07
4.23
2.13
4.05
1.57
8.87
7.78
5.24
4.57
9.69
2.25
8.23
8.14
4.08
5.35
7.85
5.73
7.97
6.74
7.45
6.72
7.47
1.58
2.62
8.53
2.71
9.77
5.96
3.29
8.53
7.07
6.65
6.35
4.04
3.17
2.41
1.57
4.63
5.81
4.41
3.66
5.36
6.62
5.97
9.63
3.3
2.24
5.93
5.62
2.37
9.36
5.36
2.08
5.16
5.86
2.1
4.88
2.89
3.52
9.85
2.89
7.96
6.48
4.29
6.53
9.27
3.94
7.1
1.99
3.39
2.11
9.41
3.33
2.12
5.43
3.11
6.74
3.42
5.53
3.96
8.38
6.6
6.58
3.87
6.28
2.6
6.73
3.56
3.05
8.55
7.39
8.15
4.5
1.08
4.87
6.12
4.66
2.02
5.49
2.4
2.9
2.3
7.63
2.15
2.19
9.93
2.37
7.04
5.53
3.78
2.58
3.58
3.07
5.89
3.83
1.82
2.7
2.58
8.43
7.21
2.08
7.88
3.21
6.74
9.71
2.62
7.67
2.02
1.83
6.48
4.9
5.79
4.63
5.11
6.45
8.87
2.4
3.47
4.06
8.63
8.02
4.91
1.39
7.28
5.46
9.77
5.38
8.37
1.65
3.38
4.27
6.02
3.02
1.63
9.99
2.06
7.22
8.21
2.39
5.36
1.12
5.04
7.02
9.06
7.3
5.23
9.15
3.55
2.06
1.3
6.32
8.34
7.69
2.84
8.01
3.94
6.22
4.64
3.01
2.12
2.96
2.24
4.12
3.0
1.84
7.5
9.57
7.99
7.39
8.6
9.78
7.47
7.97
9.59
2.61
3.92
2.69
2.41
8.96
2.68
6.36
7.71
2.32
5.79
1.05
3.71
7.25
2.33
3.47
6.99
4.7
1.94
3.9
9.64
6.05
8.25
8.14
5.68
1.8
9.99
2.65
2.24
6.7
1.73
3.72
6.55
3.85
6.47
7.66
9.1
8.73
3.95
8.87
7.58
7.11
2.7
9.42
4.76
3.37
7.36
5.92
8.45
4.61
8.11
1.27
7.53
7.42
5.81
6.76
5.77
5.36
1.51
4.8
1.07
3.12
8.72
1.77
9.2
5.07
4.9
6.13
6.68
9.65
3.26
7.13
8.25
2.58
4.45
3.05
5.31
3.67
3.4
2.1
8.68
7.18
1.49
8.39
6.59
6.14
5.64
8.01
6.44
6.2
4.85
4.03
9.18
4.48
6.67
6.91
8.44
2.74
6.9
4.57
6.21
8.78
3.32
7.89
7.99
3.09
3.22
7.19
3.91
9.95
3.42
1.63
9.53
9.5
8.88
8.74
1.75
9.95
9.81
2.4
4.98
5.51
1.47
8.12
9.4
3.35
5.95
8.1
1.29
5.86
3.35
8.91
7.05
8.77
1.61
2.88
9.19
6.98
9.09
2.35
6.28
1.82
4.84
4.51
5.47
2.98
6.73
4.9
7.05
9.77
8.37
3.04
3.25
3.76
3.79
2.53
3.48
8.74
6.42
1.11
6.21
7.19
4.31
9.44
3.7
4.48
9.12
6.14
9.11
8.81
1.66
4.7
3.87
7.41
2.66
4.52
7.94
7.88
3.77
7.34
6.34
6.75
7.59
5.13
9.27
4.31
9.36
6.57
1.31
7.01
5.23
1.45
6.16
8.16
4.21
2.2
5.69
4.46
6.93
2.29
1.45
8.91
3.22
1.12
4.92
5.52
7.25
8.39
8.22
3.74
7.51
4.14
5.16
2.63
4.88
6.68
8.5
6.85
3.16
4.7
2.23
3.79
3.2
2.04
7.62
2.64
2.46
1.01
3.63
5.51
7.89
4.65
9.61
8.37
2.97
3.28
8.49
1.94
7.15
6.14
5.69
8.49
7.17
6.6
7.31
4.55
5.1
3.04
1.03
9.9
7.49
2.95
9.77
4.47
1.85
4.79
9.12
4.04
7.16
8.24
3.11
6.22
9.18
7.36
9.66
9.22
3.95
1.44
1.13
1.1
1.95
7.87
6.63
9.04
8.36
4.56
6.68
6.35
8.55
1.36
6.39
9.96
2.75
1.01
5.2
4.26
5.43
3.97
4.86
2.94
6.77
8.41
9.07
4.72
9.44
9.45
4.09
2.68
5.19
3.44
1.91
5.73
7.11
3.5
3.59
8.61
3.97
9.92
3.53
5.6
7.47
6.12
2.94
7.81
3.53
9.95
8.88
8.89
4.5
3.24
4.84
6.58
2.6
3.91
6.6
9.23
6.42
3.04
9.72
9.11
3.64
6.84
3.15
9.73
8.73
4.55
8.44
1.57
8.55
2.22
7.14
8.07
8.07
2.78
9.72
8.92
8.93
4.46
9.54
4.93
1.36
2.04
5.53
3.09
3.03
3.06
6.58
2.5
4.48
2.56
1.44
4.23
9.69
1.37
9.74
9.22
1.06
9.29
8.28
5.09
3.7
3.05
5.27
5.51
4.79
1.91
7.01
2.45
9.77
8.92
3.56
2.91
6.57
2.61
3.61
4.59
1.19
7.29
2.99
6.48
5.97
7.21
9.21
7.7
3.14
9.92
3.38
6.22
5.88
2.67
5.99
5.27
9.73
8.91
9.74
9.87
9.25
5.39
1.14
1.47
9.09
6.07
7.79
7.15
4.44
5.16
2.64
7.8
4.75
6.05
1.67
2.18
2.86
5.13
4.79
2.04
3.25
8.62
1.21
5.34
6.15
1.27
3.42
2.86
4.61
4.83
4.27
8.35
9.74
3.19
9.21
7.84
5.09
2.41
2.24
4.09
1.25
1.54
5.61
2.96
3.09
6.32
9.07
6.19
9.42
3.42
1.99
8.38
9.4
8.51
3.0
5.54
5.95
6.72
2.35
8.47
3.58
7.14
1.0
3.52
5.47
9.05
9.28
5.94
6.64
3.99
8.54
5.98
6.26
3.96
4.0
4.59
5.29
8.61
2.01
1.68
8.14
1.13
7.58
1.23
7.34
1.95
5.92
4.47
2.87
5.52
1.91
4.2
6.34
9.7
2.37
6.67
1.76
1.29
9.6
3.43
5.61
2.16
3.9
2.08
1.39
9.17
4.16
5.69
3.45
3.31
2.18
9.09
9.33
6.41
2.82
7.21
8.51
2.58
3.79
2.98
9.62
8.09
7.36
9.96
1.87
5.16
5.3
7.97
9.02
3.03
7.65
6.0
5.89
6.99
7.81
6.18
3.7
8.03
4.25
3.83
7.59
4.34
5.77
2.91
3.15
5.99
7.51
5.35
6.15
8.65
7.38
7.19
7.71
2.57
4.73
9.22
1.88
6.08
3.45
7.28
6.72
6.09
5.4
4.21
3.97
7.17
3.13
4.06
9.9
6.71
5.44
9.26
8.53
5.71
2.51
8.89
8.04
1.78
3.7
8.92
8.86
5.43
2.46
9.8
3.04
5.39
7.69
8.4
8.25
7.19
3.58
5.42
6.63
1.4
3.92
4.42
7.49
4.39
2.52
7.84
4.16
5.71
7.43
3.53
5.07
8.46
5.95
6.05
4.3
9.59
1.87
7.41
4.49
6.91
4.29
4.74
4.85
1.18
8.01
4.4
3.0
9.95
7.66
9.8
9.74
9.03
6.9
6.63
5.0
8.54
5.55
9.71
5.09
5.78
3.71
7.61
7.83
8.27
2.4
6.97
8.02
5.98
1.1
9.93
2.71
4.4
3.9
8.59
5.86
4.41
3.36
9.73
3.68
6.32
9.21
6.29
5.86
3.1
9.3
6.71
6.07
7.94
7.82
8.49
8.91
4.96
9.13
4.57
2.95
7.42
4.11
8.14
4.09
6.26
4.02
1.62
6.65
8.36
4.22
9.08
1.03
2.12
5.06
1.35
4.46
2.99
4.88
9.79
7.67
9.37
7.01
9.62
7.2
3.32
4.2
7.14
8.38
3.8
6.34
1.42
2.35
1.18
1.11
1.34
7.18
6.91
5.19
5.84
3.6
5.64
6.89
8.55
7.7
8.4
9.65
1.57
5.95
8.54
2.38
8.29
5.29
8.36
9.69
2.61
3.21
2.31
2.47
9.24
5.2
2.49
7.15
8.17
1.83
1.54
6.06
9.73
1.01
1.42
3.01
2.89
7.24
6.53
1.07
9.44
6.69
2.1
4.54
3.8
7.75
9.95
3.07
6.39
9.22
1.71
2.6
5.94
5.72
8.36
6.73
8.9
8.29
9.57
2.47
8.14
6.37
5.1
3.99
7.37
6.23
1.04
6.82
4.17
5.97
2.18
9.34
5.87
8.71
6.07
9.34
2.56
2.83
2.39
2.6
4.02
2.93
1.39
3.17
1.48
2.4
6.73
1.4
9.84
3.03
9.76
6.28
4.99
2.23
7.84
2.27
8.5
3.52
1.38
6.7
4.77
1.29
2.02
9.71
7.45
3.28
2.86
3.27
4.85
7.28
9.87
8.2
7.93
1.55
6.9
6.13
1.15
4.89
1.6
2.66
2.21
4.55
3.96
2.16
1.06
4.41
7.17
9.62
8.34
5.47
6.32
8.11
2.61
9.14
9.58
1.2
1.08
2.55
1.03
5.19
9.74
3.59
5.41
7.37
8.97
8.27
6.17
3.27
9.75
7.75
6.36
4.67
6.25
7.41
7.19
3.75
3.11
4.83
2.88
7.83
4.08
4.4
1.7
1.2
6.17
5.11
9.41
4.29
7.59
8.45
5.15
1.1
8.6
1.74
1.1
7.69
2.96
7.38
4.5
8.43
9.55
3.79
1.84
4.27
3.34
7.68
9.76
4.52
3.2
2.97
2.81
6.63
2.93
5.34
4.52
9.51
1.46
9.52
5.05
4.14
9.61
1.79
5.36
1.58
8.87
3.5
5.13
6.24
7.64
5.65
6.75
5.25
8.6
9.43
5.81
6.66
6.89
9.31
9.68
7.56
4.76
5.79
8.02
3.98
4.63
5.06
1.9
6.57
2.11
7.84
3.2
6.49
6.61
6.63
1.16
7.59
8.85
7.64
6.63
7.26
3.71
5.98
5.78
3.82
9.03
6.91
4.18
6.91
3.41
1.57
4.75
9.72
5.85
6.9
8.64
5.27
4.56
7.61
9.45
2.37
8.01
5.98
8.43
3.95
2.83
9.89
1.03
1.99
2.76
5.42
5.82
6.93
4.84
7.76
7.39
1.18
9.57
5.49
1.82
1.58
1.67
5.22
5.77
3.83
6.38
1.87
3.8
3.76
3.96
7.67
6.48
9.11
7.46
8.89
7.77
2.42
8.07
3.85
5.08
7.66
4.06
6.47
9.21
7.91
4.73
2.11
7.08
8.93
6.5
1.77
6.16
5.53
6.82
5.06
2.12
6.08
4.76
4.94
3.86
4.54
3.17
9.69
4.93
5.46
3.65
1.58
1.61
4.55
5.29
6.06
7.89
8.71
7.98
4.05
6.13
5.5
3.77
5.12
3.83
6.74
3.05
3.79
9.13
7.23
6.45
9.09
3.88
4.52
1.39
8.42
9.92
5.22
5.39
7.72
2.24
4.01
5.26
5.91
9.07
4.01
3.09
4.76
3.91
9.27
1.57
4.03
1.6
1.5
4.74
5.29
9.46
5.48
5.49
3.04
1.39
6.56
4.01
5.67
9.03
7.93
3.91
8.54
5.19
3.05
8.28
5.43
2.23
1.64
7.07
4.0
1.36
7.49
6.16
1.61
5.09
8.93
2.28
8.33
9.71
1.57
5.71
8.54
8.96
5.34
1.51
3.59
2.03
3.97
7.44
4.33
3.21
4.0
1.36
5.15
3.47
7.35
7.81
3.97
2.63
3.98
6.25
1.07
6.56
4.95
2.11
3.99
7.95
5.39
7.73
8.65
8.53
4.87
7.22
9.24
2.83
6.62
7.42
9.97
1.89
2.67
3.95
2.9
5.41
6.86
5.1
2.33
7.64
5.61
5.88
3.37
2.01
8.65
3.05
4.6
2.68
9.83
5.78
1.13
4.78
7.1
2.35
9.12
9.0
9.91
3.07
3.92
4.19
3.2
1.99
3.95
4.7
3.76
6.47
1.01
5.01
2.27
2.75
6.61
5.25
1.52
4.61
3.8
2.98
5.18
9.51
4.54
1.48
2.56
7.12
8.01
7.54
3.4
3.03
6.52
7.77
4.98
1.49
8.89
7.01
2.19
2.29
3.82
8.07
9.99
4.54
4.38
9.0
6.89
4.41
3.21
3.28
4.81
1.15
4.09
1.4
1.47
4.78
6.17
8.63
3.52
4.08
3.71
8.78
1.23
3.06
8.6
4.62
3.87
3.82
6.15
1.87
2.95
5.02
8.37
9.56
9.19
6.97
4.74
6.61
1.75
8.08
3.84
2.28
3.79
8.8
6.47
1.99
8.84
3.5
7.75
8.53
5.94
2.14
8.98
7.32
5.32
7.95
3.42
3.54
2.68
8.67
7.75
2.08
5.26
2.49
4.05
3.17
3.89
7.31
4.74
2.09
8.57
8.61
5.12
8.59
1.48
5.24
4.98
2.9
8.44
4.31
2.79
9.31
8.57
1.3
6.22
9.79
4.7
3.04
5.43
6.66
5.0
4.27
7.3
4.9
9.41
8.33
3.63
4.93
3.54
3.76
3.4
6.71
2.07
7.6
2.58
3.57
4.29
8.17
8.06
9.29
4.99
2.49
9.59
1.17
5.74
9.1
4.92
9.46
7.63
4.47
7.21
8.27
2.64
5.6
9.57
6.4
8.14
2.16
8.67
8.45
3.48
5.89
8.96
9.47
6.34
6.3
7.22
6.66
3.63
4.63
1.13
9.17
9.21
7.97
5.28
8.87
1.01
9.01
5.04
4.32
4.06
1.41
1.63
5.48
7.85
2.73
6.75
7.93
7.98
5.02
6.89
4.61
9.56
6.6
6.87
6.62
1.84
8.53
7.59
3.13
9.14
3.53
6.85
4.71
7.74
5.53
3.61
9.95
3.06
1.16
3.17
6.06
1.03
3.9
1.81
8.29
1.04
8.15
3.65
4.01
2.41
7.99
2.82
7.16
6.51
5.52
4.61
5.26
8.24
3.81
8.15
4.05
5.61
1.45
7.64
5.19
8.83
9.32
1.24
8.29
4.77
2.5
9.74
1.36
2.54
3.91
5.4
7.96
2.27
7.5
4.19
4.26
2.93
9.42
1.64
1.2
7.29
5.57
4.73
1.65
5.87
6.46
8.97
2.58
9.76
3.64
9.05
3.1
7.08
4.84
8.52
6.75
3.25
5.26
5.71
4.85
1.61
9.58
9.79
8.28
2.0
3.11
2.74
2.36
5.73
8.07
9.64
7.2
5.6
1.08
8.03
6.39
8.26
3.36
7.5
2.45
6.47
7.95
2.08
2.29
9.62
9.8
4.6
9.11
9.19
9.19
8.01
4.78
8.05
4.51
3.7
8.15
4.3
7.39
5.99
5.6
6.59
6.96
3.49
7.35
3.31
8.59
1.81
8.6
1.93
9.29
7.11
4.34
9.92
3.48
3.91
6.85
1.35
4.26
9.75
7.57
1.89
9.01
1.93
8.48
4.26
8.54
8.95
9.86
7.97
4.29
2.33
8.69
5.83
7.41
9.96
4.05
2.61
5.54
1.29
7.08
4.47
8.76
9.76
2.34
4.16
4.75
5.01
5.99
7.26
9.41
6.01
3.84
7.89
1.77
9.94
4.49
6.64
7.44
6.2
2.21
3.79
6.48
8.4
3.19
8.85
5.73
10.0
2.25
2.7
8.31
5.99
2.01
8.3
7.32
4.31
6.03
2.73
3.79
5.0
3.54
6.04
4.39
6.13
7.86
9.43
5.26
4.23
7.51
1.95
7.27
3.71
9.33
4.85
5.37
5.16
7.94
1.16
7.17
4.94
3.03
7.79
4.22
6.44
4.47
8.04
9.2
6.74
8.8
1.39
2.96
6.44
5.0
9.86
1.97
7.72
7.32
1.7
7.57
5.74
4.94
3.36
6.12
5.15
1.11
2.48
1.1
7.26
5.88
1.69
8.31
4.23
8.18
1.21
3.18
5.24
8.01
6.34
3.4
6.67
5.09
8.33
5.66
9.41
8.66
9.27
1.75
2.65
1.39
6.23
5.93
8.66
7.84
3.2
9.14
9.19
7.91
7.93
5.34
6.39
5.29
4.45
4.39
4.9
3.15
8.53
6.79
5.14
8.93
8.54
9.14
2.79
6.75
1.8
5.06
5.02
8.25
8.75
5.26
9.27
5.87
9.49
2.74
5.06
3.12
5.77
8.38
4.56
1.4
9.68
2.79
3.36
3.65
2.52
4.39
6.05
2.53
2.77
4.09
8.37
2.7
5.06
3.91
1.05
1.99
7.18
5.9
1.65
4.69
7.61
8.81
1.29
2.78
8.11
3.06
4.05
7.36
4.56
7.87
8.92
9.2
7.55
2.59
6.81
4.04
2.75
1.71
3.27
7.23
4.65
5.84
6.74
2.13
2.0
2.22
2.96
1.56
3.9
6.69
6.66
9.87
1.47
9.22
1.02
9.03
2.57
2.64
2.67
5.98
4.02
3.02
1.33
5.64
2.83
4.99
2.39
9.47
8.7
9.97
2.8
5.81
3.86
3.94
9.83
9.48
6.81
8.17
2.65
5.32
5.04
9.64
7.2
9.64
8.52
6.03
8.01
2.52
1.37
5.57
9.92
4.96
6.8
7.18
7.91
8.64
6.64
8.94
9.21
7.49
7.58
8.69
1.29
5.0
2.47
7.29
9.34
5.36
7.3
6.84
8.88
9.27
5.19
9.51
3.12
9.92
1.32
6.73
9.1
5.05
6.79
8.97
9.75
6.65
4.09
5.67
8.02
4.52
4.45
7.24
3.87
6.54
4.49
1.44
7.69
4.3
5.54
1.26
9.18
7.86
7.37
2.31
4.66
4.64
5.93
2.78
8.75
5.58
9.15
5.11
2.26
5.31
2.62
3.89
1.87
8.83
2.92
9.67
9.46
1.29
9.23
2.59
6.47
2.77
5.62
2.98
5.25
9.8
8.87
1.91
8.84
8.54
9.57
5.72
4.47
6.65
2.49
4.41
9.69
3.43
8.39
4.39
5.91
2.63
9.45
7.41
4.97
6.61
2.91
6.11
3.24
4.73
2.84
3.98
2.77
6.18
1.07
5.36
7.62
8.5
8.79
4.19
6.92
5.34
6.15
1.76
1.58
1.9
6.2
2.36
8.47
7.05
9.72
7.11
2.4
4.13
6.31
5.91
9.17
1.92
3.51
3.32
7.72
4.69
4.79
6.34
4.23
7.97
9.57
6.72
7.64
8.55
7.88
8.54
8.69
8.62
2.16
9.31
6.24
8.81
2.48
6.31
8.64
2.55
7.14
9.9
4.29
1.98
3.37
1.79
2.03
1.96
7.1
7.05
2.9
6.17
3.24
5.85
3.46
3.78
6.29
6.73
7.13
9.55
5.43
8.43
6.41
7.32
2.1
6.77
9.18
1.55
6.08
4.46
5.57
7.51
9.34
7.0
3.73
4.42
4.57
5.27
4.67
5.66
4.0
5.24
2.97
7.19
5.27
2.55
2.2
9.62
4.39
4.89
1.51
7.6
8.85
6.73
5.34
8.79
4.67
3.26
8.59
7.99
5.06
6.38
6.64
1.95
4.47
1.94
9.57
2.2
6.07
8.17
8.92
3.58
9.86
8.34
1.28
2.86
2.76
9.54
1.38
3.0
3.51
9.66
1.78
4.06
7.68
1.17
3.64
5.03
4.5
5.8
1.01
8.35
1.69
7.01
4.17
9.61
5.22
8.34
2.87
9.42
9.71
9.88
2.31
1.6
2.28
4.4
3.11
1.02
1.95
9.9
4.31
2.81
5.96
6.45
4.58
3.31
4.57
9.02
2.95
7.87
5.77
7.44
5.39
2.17
1.01
1.12
2.0
3.2
9.82
9.06
8.88
9.32
4.96
5.79
5.27
4.84
4.59
2.13
9.65
6.84
6.44
9.92
9.27
7.92
7.27
5.99
4.38
8.67
5.83
7.39
1.19
2.22
2.58
1.43
1.55
2.08
6.0
9.43
2.81
3.92
4.02
9.64
3.56
1.68
2.72
3.27
2.36
9.96
9.91
2.69
3.92
8.2
5.0
1.78
3.55
3.14
8.97
6.45
5.89
6.07
6.19
9.33
9.32
9.25
5.67
5.54
4.91
3.24
8.93
8.66
1.1
8.21
6.19
5.07
3.28
9.87
3.41
2.84
7.96
9.36
7.22
4.91
5.99
4.84
7.27
4.89
5.22
6.67
2.44
5.37
6.22
5.35
4.57
2.51
5.93
4.0
7.21
1.07
9.38
4.98
5.39
4.11
4.84
6.92
8.49
3.95
8.55
8.6
4.41
1.78
3.41
4.28
6.86
3.57
6.99
5.03
6.4
7.18
6.11
6.36
7.81
8.2
7.75
3.97
5.64
6.43
3.2
7.6
4.57
7.19
8.44
3.86
4.2
8.19
3.39
2.59
8.56
8.28
3.76
5.79
5.48
9.22
7.27
9.7
9.87
6.42
1.42
8.88
6.92
5.05
4.47
7.44
9.43
8.63
6.5
2.09
6.98
7.67
2.16
9.67
2.41
9.58
3.39
3.94
3.93
9.97
2.45
7.35
5.07
1.72
8.08
1.87
3.11
8.68
2.87
6.44
7.45
8.54
9.89
9.72
9.87
3.69
8.02
9.55
9.81
6.7
7.71
3.81
2.6
6.27
6.26
7.33
5.63
1.44
7.08
2.46
2.21
2.6
3.27
2.64
5.12
2.47
5.69
5.58
8.99
8.56
5.4
5.08
6.87
4.45
9.92
8.95
9.25
7.15
4.76
8.5
7.64
4.66
1.4
2.11
9.69
2.45
8.23
2.54
4.23
9.77
4.7
3.11
5.1
4.46
6.59
7.51
1.16
8.49
9.62
6.92
7.73
5.74
8.08
7.76
6.36
7.67
4.31
4.45
6.8
6.04
9.04
6.06
7.28
7.28
1.21
5.16
6.87
5.21
6.21
5.45
8.56
4.09
5.06
2.25
3.87
3.3
7.16
1.93
4.53
9.17
1.43
2.52
8.42
6.92
4.48
8.55
5.68
4.04
5.55
2.35
2.92
6.14
7.83
4.32
2.58
1.61
8.17
3.8
3.03
7.58
5.32
5.66
3.13
7.77
7.82
4.95
2.63
7.51
2.71
5.68
1.05
2.36
1.96
3.06
6.33
6.1
9.68
5.99
5.27
7.23
2.42
9.91
6.15
8.44
5.44
4.87
8.54
3.67
7.74
5.8
9.63
2.52
6.01
8.6
3.84
1.41
3.68
8.72
3.03
2.78
7.58
4.77
6.8
7.78
6.42
5.15
8.95
7.58
1.12
2.72
3.88
9.37
8.28
1.04
3.11
3.77
3.86
9.82
1.39
5.52
8.1
5.52
7.24
6.59
1.07
8.11
9.32
2.36
4.6
9.5
9.46
4.09
3.22
3.97
6.04
5.78
2.52
8.91
1.36
6.3
1.34
2.07
3.9
9.19
7.83
4.09
8.88
2.4
2.1
1.8
3.67
8.47
3.29
2.28
7.88
7.58
1.1
3.84
1.4
8.57
3.89
9.86
4.95
8.58
7.18
2.34
8.17
1.78
6.99
1.43
3.4
6.52
3.65
4.79
5.33
5.03
1.87
6.16
3.59
5.59
7.27
8.42
7.5
2.55
4.68
4.94
1.65
8.4
2.98
6.93
2.55
6.08
5.96
2.29
6.87
9.54
6.95
5.88
3.47
6.31
4.87
4.72
2.81
9.83
4.78
2.73
2.19
3.19
2.45
3.55
6.5
2.47
6.26
2.77
7.56
8.74
3.87
8.54
5.97
4.9
3.81
2.06
8.22
5.71
9.02
9.42
5.1
9.2
8.49
9.94
1.65
2.47
3.18
7.32
8.64
5.06
2.51
5.56
8.57
6.84
6.88
2.85
1.31
4.66
6.59
3.19
4.61
7.98
1.96
7.91
3.53
4.7
8.79
7.15
3.0
4.14
1.05
7.31
8.11
2.03
1.1
9.8
2.66
4.23
7.32
3.14
2.19
1.94
8.95
7.29
8.68
3.87
8.4
7.7
8.87
8.85
3.99
6.01
6.19
2.18
5.78
7.34
6.05
5.15
4.33
1.95
1.08
1.21
6.73
8.17
9.9
7.0
9.08
1.7
8.75
9.95
1.65
4.56
5.34
4.68
5.9
8.23
6.41
5.35
3.88
5.51
1.95
3.21
4.66
1.09
5.49
8.58
4.89
7.43
9.31
9.55
7.18
3.4
4.13
9.71
1.22
9.47
9.64
1.58
6.54
6.29
4.9
7.17
6.94
5.96
9.6
4.23
9.56
3.15
9.1
2.51
3.17
9.12
6.89
3.94
6.64
6.01
5.69
6.84
4.72
6.72
8.41
6.54
2.92
9.21
9.84
2.05
5.05
7.35
3.11
7.81
5.09
5.18
4.81
8.57
7.55
5.4
4.42
7.71
7.57
4.36
8.92
5.58
7.58
5.04
2.25
4.48
3.51
5.47
5.96
5.58
3.51
4.63
9.19
5.37
4.96
5.24
2.43
8.22
3.84
3.84
6.89
4.2
7.41
4.36
7.51
3.29
2.29
9.45
2.78
1.56
4.66
8.3
5.36
3.29
6.23
4.07
1.81
1.31
9.11
9.23
2.21
5.75
6.54
9.23
2.53
4.37
4.83
8.47
3.28
1.38
2.98
5.13
1.85
7.05
9.31
9.73
2.92
4.6
7.13
8.44
8.18
8.8
6.12
7.64
7.46
8.12
8.78
5.51
9.71
6.07
7.83
4.48
2.16
1.59
8.46
1.78
1.45
8.69
9.02
7.73
2.66
2.81
1.09
3.93
3.75
8.75
8.54
3.94
6.79
8.46
1.96
3.84
5.93
4.08
3.78
6.94
4.44
5.71
5.08
4.32
7.05
8.34
4.18
1.67
9.6
1.91
1.42
7.19
5.21
4.47
7.64
6.06
1.47
8.25
6.42
5.74
1.05
9.67
3.61
7.48
6.96
2.64
4.78
1.89
3.8
9.38
9.99
6.05
3.71
3.34
5.35
5.15
2.26
8.89
4.99
1.49
2.7
7.74
6.63
4.83
8.64
7.66
3.18
3.84
9.54
4.16
3.01
9.63
2.63
6.74
9.95
8.58
1.19
9.05
2.59
7.66
1.65
2.06
4.95
7.12
1.84
7.48
9.44
7.47
3.51
8.7
1.41
4.51
8.24
5.62
8.75
8.65
5.63
1.36
5.07
5.0
5.94
8.69
3.51
7.34
4.77
5.44
5.17
4.75
2.72
3.82
5.45
2.96
8.29
9.01
7.56
2.95
5.75
7.62
1.4
7.04
3.51
7.7
7.9
8.01
7.12
9.39
3.9
7.58
7.58
9.09
2.32
6.01
1.74
7.73
2.67
3.57
9.09
8.41
1.74
7.24
2.96
1.45
5.25
6.95
4.86
9.91
5.79
1.46
9.26
2.44
4.35
3.77
2.39
2.72
5.76
1.02
8.05
3.7
1.38
3.69
6.75
6.89
2.92
2.43
3.3
8.74
8.87
6.18
2.7
7.84
4.3
3.22
3.34
1.45
1.15
1.4
7.37
1.53
1.41
9.38
1.11
5.52
5.44
9.73
6.2
9.14
3.77
5.58
5.35
3.18
8.03
5.28
7.13
4.67
2.56
6.25
8.93
5.25
3.77
1.23
9.63
5.35
1.49
1.3
6.8
4.5
1.24
9.24
7.33
8.16
7.73
3.81
6.91
3.13
7.04
3.4
6.13
7.44
6.44
6.73
5.37
7.15
8.27
6.85
1.74
4.32
2.32
9.06
7.71
3.91
1.01
3.3
4.92
8.96
8.45
8.36
3.7
3.7
3.13
1.4
3.93
1.72
8.07
8.75
4.8
9.28
2.57
9.75
7.88
4.05
6.78
9.05
1.08
6.15
9.26
1.41
8.93
7.88
1.68
1.07
4.54
9.8
5.02
8.06
7.16
7.73
6.88
3.07
4.39
6.69
8.49
2.67
2.18
4.46
2.2
3.8
2.36
6.23
8.47
1.25
4.64
1.94
1.77
6.47
5.14
4.96
8.45
3.23
5.25
9.73
2.19
4.42
3.13
1.44
1.4
1.01
9.39
7.63
9.37
6.84
6.75
8.44
4.06
4.25
7.07
6.16
7.16
2.97
3.21
3.89
4.02
1.07
1.19
5.78
4.07
4.67
6.88
4.07
7.78
1.77
1.28
4.25
9.73
8.13
7.87
5.31
1.88
2.45
9.49
9.58
2.33
5.33
3.38
7.82
1.64
1.1
5.43
9.63
7.59
1.04
1.15
1.59
5.11
6.03
5.77
2.83
4.87
5.84
4.75
4.58
1.57
8.06
6.29
4.12
9.87
8.79
4.18
8.96
3.13
8.0
6.78
1.83
1.17
8.92
2.58
9.07
5.37
6.48
2.51
9.19
1.09
5.27
7.6
7.58
1.66
6.93
5.36
6.99
9.86
8.87
3.08
4.49
5.66
2.97
7.89
5.75
4.46
4.46
8.55
8.52
3.58
9.38
3.88
5.59
7.22
3.05
7.29
2.57
8.47
5.91
7.76
5.57
9.64
6.52
2.62
3.67
4.5
1.45
7.0
2.81
5.09
7.72
2.56
4.05
6.57
9.77
1.45
3.01
6.4
8.14
7.31
6.4
4.08
5.44
7.37
1.7
1.31
1.47
2.26
7.99
4.4
3.87
3.37
8.24
8.49
9.36
8.12
3.83
2.57
7.95
3.35
7.15
8.13
4.2
9.0
8.53
3.16
9.15
9.26
5.53
6.06
7.38
2.35
6.59
3.76
2.07
5.15
1.79
7.34
6.41
2.12
2.45
4.89
7.94
1.39
5.23
6.83
5.09
2.9
6.08
6.6
1.15
9.27
2.2
8.45
9.66
9.32
4.99
5.17
5.24
8.11
5.97
6.86
4.9
4.22
5.49
8.22
3.25
3.14
5.09
4.16
6.15
3.95
4.02
4.4
3.5
2.9
9.84
6.6
8.37
9.08
1.84
8.14
8.58
4.96
2.5
1.71
3.91
9.05
1.44
7.95
6.97
4.4
2.33
5.91
6.98
4.35
4.55
8.16
1.38
9.49
9.05
8.08
8.84
6.26
3.09
5.09
2.8
5.45
9.41
5.51
4.32
7.0
7.56
9.8
5.01
9.67
3.72
5.43
9.67
7.6
4.28
4.15
7.12
4.27
6.14
6.12
4.9
4.64
6.76
9.94
3.02
3.01
9.46
2.51
2.53
6.94
2.39
8.16
3.11
8.55
2.32
6.89
1.61
7.14
8.0
2.15
7.56
5.9
8.53
5.21
2.9
1.2
2.88
7.57
6.8
6.59
2.25
1.22
4.36
9.51
7.76
6.24
3.68
9.38
5.11
3.33
9.15
8.01
1.19
1.76
9.53
4.77
4.62
7.11
6.39
4.9
3.43
2.56
5.96
5.2
3.06
6.2
1.08
5.75
6.85
2.37
4.65
2.29
7.08
1.14
8.34
8.24
3.35
8.01
7.43
6.28
3.6
6.06
6.01
5.72
2.21
5.46
7.01
5.08
3.92
1.81
1.64
4.46
7.2
8.37
2.79
2.05
5.04
7.99
1.68
4.4
7.23
7.56
5.87
3.97
1.79
2.93
1.85
9.41
5.23
6.14
3.19
7.27
8.29
5.6
1.94
7.09
3.97
8.64
9.44
9.09
5.88
3.49
5.33
1.32
1.48
7.47
6.85
9.81
9.47
1.51
2.88
8.47
3.02
2.69
6.78
5.72
2.55
5.58
7.33
7.92
6.37
4.75
2.81
4.46
7.17
3.99
3.63
8.16
9.85
7.9
8.96
2.12
7.19
4.49
2.56
4.47
2.17
4.37
4.78
3.86
4.36
8.29
1.55
3.27
1.59
6.02
8.63
7.04
1.72
4.65
2.68
7.05
2.72
4.56
6.84
4.39
2.42
7.46
5.43
1.91
1.1
7.85
9.08
2.6
7.31
1.19
3.9
9.52
3.3
3.67
4.21
4.07
1.69
8.23
3.41
4.75
4.72
2.2
8.84
9.0
4.06
3.67
1.17
4.53
5.24
3.92
1.7
5.21
8.0
9.37
1.57
4.76
1.16
6.85
6.12
1.9
9.24
3.52
1.46
4.78
9.83
9.65
6.3
5.46
5.63
7.33
2.95
1.04
2.04
6.28
4.23
3.7
9.95
1.46
9.91
9.51
4.32
8.7
3.17
5.5
8.06
7.63
8.29
9.3
4.02
7.14
2.86
4.73
1.6
8.76
4.74
2.23
9.04
6.49
4.93
4.76
6.83
9.41
4.59
1.58
1.4
7.21
9.62
7.28
4.85
1.86
3.22
9.5
6.58
1.68
4.65
2.53
8.21
6.46
9.86
4.9
1.47
4.89
6.36
7.49
2.6
6.19
5.16
5.68
5.48
3.78
5.35
1.37
1.82
4.91
7.11
6.36
6.31
7.21
6.22
4.6
6.95
9.59
9.22
6.57
8.08
5.15
2.31
2.3
3.44
1.19
6.16
1.39
3.85
5.67
7.1
4.77
9.21
2.53
5.88
9.79
3.29
5.95
9.09
8.6
3.62
7.46
7.93
9.72
3.07
8.13
9.12
2.78
9.09
5.21
3.37
2.68
1.84
1.4
6.26
5.97
4.08
2.31
9.24
8.97
7.82
8.42
1.19
3.57
6.49
2.51
6.61
1.6
4.92
2.93
9.57
8.09
7.49
2.16
8.95
3.53
4.27
4.1
6.4
1.18
9.7
9.79
8.23
7.33
5.9
6.53
1.97
6.25
4.29
4.91
8.79
4.78
9.48
8.12
2.64
7.58
1.15
5.77
2.89
2.28
5.83
6.34
1.11
8.08
1.71
1.87
2.09
1.14
4.74
2.59
4.76
3.77
3.96
3.71
6.3
7.75
1.91
4.22
6.2
7.84
2.14
8.2
5.56
2.35
9.87
1.98
7.91
7.94
6.85
2.86
8.39
1.93
4.74
8.13
8.54
6.52
8.79
5.93
4.17
3.74
6.23
2.83
3.44
4.07
7.11
8.01
7.6
2.18
4.26
3.43
3.75
5.82
2.55
3.65
4.17
6.67
9.33
4.62
3.41
5.18
3.51
7.08
8.31
4.24
5.2
2.03
6.12
1.04
4.86
3.57
2.54
3.72
4.32
2.87
7.77
4.57
9.29
9.36
5.75
8.91
6.8
4.02
9.35
7.36
5.95
5.94
4.97
9.54
8.17
9.61
9.66
2.36
9.96
5.83
1.16
8.85
4.59
6.52
7.36
7.36
2.62
4.51
2.34
6.8
2.51
2.02
4.72
9.82
4.78
3.76
4.09
4.03
6.51
6.09
1.55
1.72
2.78
2.03
5.39
3.69
1.21
3.41
5.7
2.09
2.3
3.34
1.14
6.12
5.64
7.8
3.57
7.98
4.04
1.35
4.09
4.33
6.02
7.56
4.91
9.19
5.45
8.37
6.13
6.3
7.97
2.07
3.96
3.49
4.0
8.06
3.25
8.87
1.28
8.05
5.96
5.54
4.35
2.15
3.78
3.98
1.87
8.73
3.23
7.28
9.49
5.88
1.52
7.91
2.98
8.55
1.57
6.48
2.55
2.36
8.08
5.2
6.25
1.87
6.44
1.74
7.98
9.27
9.45
3.55
8.98
7.37
6.28
5.25
3.98
3.51
7.34
4.22
6.84
3.82
7.54
6.16
7.26
5.51
8.56
6.11
5.35
7.7
4.01
1.5
4.28
8.99
3.75
1.79
8.89
2.3
9.8
9.05
5.78
3.14
8.82
6.7
7.86
4.24
8.06
4.8
5.78
5.97
2.29
5.46
3.5
4.04
8.3
1.25
3.95
8.04
7.32
2.51
3.46
4.54
4.19
4.67
6.83
4.83
2.9
9.02
4.84
1.05
2.76
1.85
8.88
4.32
9.19
5.96
5.79
3.83
7.57
1.58
1.61
2.65
6.57
9.4
8.77
3.05
9.53
2.3
7.63
3.15
5.87
9.0
9.92
5.08
9.41
3.04
5.2
9.25
7.97
2.95
4.74
2.54
4.43
5.74
8.89
7.1
6.83
5.45
7.5
2.27
9.62
4.04
3.82
6.78
3.18
1.81
4.16
1.48
7.58
3.97
9.47
9.67
2.91
8.56
4.19
2.96
6.25
4.09
5.4
4.1
3.98
7.44
6.71
7.12
4.7
1.25
8.1
2.56
1.94
2.8
3.99
4.44
2.92
2.09
3.12
4.26
8.27
1.69
7.1
1.41
4.74
7.33
9.42
3.54
9.19
7.21
4.63
3.88
9.91
8.7
9.44
6.19
6.32
8.31
1.23
4.84
3.05
9.42
9.47
2.83
5.74
2.57
3.08
1.69
1.99
2.39
5.58
8.05
9.19
1.47
4.38
4.94
5.49
4.47
5.85
9.1
8.22
1.08
2.45
7.02
2.34
6.11
5.57
9.68
2.21
7.34
3.3
7.6
2.13
4.82
7.5
7.44
3.26
4.05
4.03
8.59
4.43
7.54
5.94
8.68
5.76
7.73
5.22
2.01
4.52
4.76
1.89
9.27
2.75
5.29
9.39
3.13
7.42
7.77
7.0
4.67
3.33
5.87
2.78
6.1
2.72
8.8
4.59
8.91
7.48
6.29
9.29
4.68
4.49
1.7
9.73
2.88
3.55
3.19
9.82
9.35
4.53
5.67
4.16
4.19
4.46
1.34
9.77
1.83
8.59
8.8
1.1
2.75
2.21
4.8
6.06
4.33
2.4
1.54
5.76
9.21
3.3
9.74
8.44
2.2
9.0
7.3
7.26
3.83
5.66
6.38
4.58
5.42
1.96
9.14
7.23
3.7
4.2
7.89
3.25
3.24
8.65
3.24
3.04
1.14
5.62
8.28
7.0
7.89
4.41
3.77
1.49
5.22
8.81
5.5
9.23
6.03
7.13
5.52
7.54
4.71
1.56
8.96
7.57
2.74
5.19
7.28
2.09
5.33
7.89
3.82
1.15
7.58
2.35
7.54
8.72
9.91
6.23
7.57
4.45
8.4
4.21
1.69
9.38
7.82
2.02
1.86
3.22
3.22
6.93
5.5
9.23
6.71
8.76
3.15
8.8
8.58
1.19
4.59
9.72
7.26
9.31
3.1
9.47
5.16
2.36
5.82
2.15
6.15
1.64
7.31
6.82
3.67
9.08
9.48
2.7
1.13
5.09
9.31
7.23
5.19
7.83
4.72
7.47
4.97
3.62
2.62
5.07
5.57
3.84
4.26
7.36
4.76
7.47
4.08
3.6
7.55
2.11
8.11
4.88
2.96
8.12
1.05
7.68
6.78
3.98
4.79
9.52
9.39
4.24
8.34
4.89
3.82
2.42
3.48
7.11
5.17
3.23
4.36
9.84
1.94
2.99
1.94
8.03
5.75
1.47
8.58
7.47
5.22
7.67
7.37
1.55
3.46
4.03
9.6
8.1
2.6
8.15
6.27
4.55
6.34
9.13
3.36
5.27
4.92
5.95
4.46
4.17
8.84
1.63
3.96
8.01
5.92
4.43
1.17
6.18
3.48
5.39
2.45
7.42
6.75
7.8
9.0
3.44
4.93
7.2
5.22
6.24
6.82
4.38
4.88
6.05
2.4
1.87
4.66
5.07
5.92
9.76
9.17
8.78
6.97
4.76
3.94
8.72
7.0
9.96
4.31
9.09
4.2
3.47
8.14
5.65
6.38
6.44
5.46
4.99
5.3
4.77
5.04
5.77
4.55
2.03
1.09
2.14
3.38
4.69
5.56
6.83
5.73
5.43
5.61
8.28
1.49
5.64
9.99
2.92
1.65
5.46
2.38
4.04
9.34
7.33
2.44
2.19
3.14
1.03
3.65
1.44
8.48
9.39
1.3
2.46
3.58
9.13
1.53
7.22
5.92
9.67
3.88
3.72
2.91
5.09
8.22
2.31
1.13
2.2
8.21
4.11
4.02
2.75
7.24
6.25
5.63
9.01
3.04
2.34
4.93
2.86
1.21
4.42
2.8
7.4
9.46
5.56
6.8
2.63
9.63
5.5
5.96
7.13
5.51
8.89
5.88
8.07
8.27
5.5
5.37
8.7
6.47
5.45
3.91
9.35
2.66
9.18
5.49
4.56
2.5
9.54
1.19
2.08
5.71
8.35
6.3
2.72
7.18
3.54
8.49
5.17
1.56
8.62
1.09
2.98
9.44
2.56
7.97
3.18
7.85
7.85
2.51
1.98
4.39
6.78
9.62
5.78
9.65
1.1
1.59
6.28
5.75
3.63
3.35
9.34
8.8
2.07
9.06
6.04
1.24
1.44
9.46
9.64
3.26
4.38
1.15
9.14
9.74
9.0
5.01
7.84
7.0
8.92
6.67
2.23
9.23
8.7
5.94
4.79
3.7
4.57
1.61
3.76
3.33
4.08
7.29
5.34
7.67
1.41
3.19
5.33
2.02
5.25
8.81
8.26
4.45
3.32
3.9
8.18
5.15
6.1
6.39
4.58
4.51
6.0
8.66
2.96
8.26
6.24
4.15
9.87
8.41
2.83
7.13
6.83
8.96
9.56
7.99
6.33
6.3
3.63
4.01
7.22
6.62
5.49
1.98
5.56
5.69
9.57
2.71
8.27
3.12
2.01
9.81
3.43
6.06
7.26
2.2
3.09
1.02
6.05
1.25
4.83
4.45
2.19
6.45
8.39
5.97
8.75
8.27
9.85
4.26
9.78
2.07
1.5
1.1
2.14
9.79
4.68
7.31
5.43
9.4
1.41
6.24
6.58
2.62
7.29
3.46
8.09
7.64
3.27
2.5
3.92
8.17
8.75
7.94
9.3
8.82
6.36
7.12
6.73
6.3
8.47
7.82
9.12
3.32
8.63
1.23
7.74
8.2
2.16
9.67
1.58
1.61
9.26
7.73
7.35
4.18
4.53
4.27
2.49
5.63
1.37
8.68
3.75
5.54
5.41
9.07
6.31
6.1
7.11
8.47
9.57
4.14
1.07
4.48
8.12
3.68
4.11
8.47
7.98
7.0
2.17
3.77
8.94
4.76
4.69
1.08
8.9
7.67
7.99
5.08
1.08
1.47
6.89
9.88
9.84
7.24
9.89
8.17
1.06
3.39
4.52
1.75
7.87
4.49
1.01
2.34
9.7
1.69
9.25
5.3
1.47
8.14
7.23
1.74
1.75
9.78
7.55
5.13
4.81
4.65
7.63
1.72
1.42
5.52
6.04
6.02
1.62
8.55
5.67
7.74
3.69
2.49
7.32
3.67
3.45
8.9
9.12
9.78
3.39
5.14
6.08
5.57
8.8
7.11
6.14
8.56
2.59
5.4
9.52
3.39
8.37
7.28
1.05
5.05
6.19
7.98
3.98
2.98
2.1
6.99
6.14
7.24
7.21
1.66
2.41
8.78
5.01
5.79
6.65
5.06
5.31
8.96
1.46
2.83
1.12
8.81
8.59
3.26
9.9
5.11
5.56
8.93
7.64
9.16
5.64
5.99
7.59
7.61
2.92
6.94
3.93
5.08
4.29
1.57
6.69
3.35
9.65
9.79
1.81
1.62
8.93
2.49
3.66
9.57
8.0
3.56
5.16
6.36
8.48
7.86
3.58
6.5
3.67
6.29
8.06
6.52
2.53
6.45
6.37
8.93
9.32
6.08
2.04
3.19
1.79
8.97
1.95
1.74
9.89
6.64
3.54
9.13
8.92
4.54
2.48
2.94
1.6
1.43
8.36
7.19
4.03
4.66
9.56
3.7
4.77
9.01
6.58
6.59
5.08
3.94
9.12
8.14
5.51
8.96
1.19
1.69
8.19
9.6
6.29
8.27
2.8
3.01
9.18
6.12
5.1
3.9
6.33
7.31
9.03
4.05
2.52
9.77
1.93
6.75
7.28
5.06
2.3
4.04
7.6
8.17
8.14
5.87
6.18
8.23
1.99
7.59
8.23
1.97
8.19
5.8
9.22
2.74
2.06
1.91
9.41
6.04
3.61
6.17
9.63
5.69
6.09
9.06
1.26
9.3
7.14
8.49
7.49
7.55
9.91
8.77
7.23
6.15
8.45
2.3
7.52
4.06
9.05
8.48
5.73
5.37
9.15
5.32
8.62
9.6
8.5
8.14
5.63
4.68
4.61
5.04
6.84
9.78
2.58
3.67
5.15
1.61
3.94
6.11
1.97
4.75
2.49
6.82
8.24
6.28
7.85
2.99
6.37
2.93
7.24
4.75
6.28
4.2
6.62
6.99
5.09
1.83
8.33
8.24
6.66
8.89
2.86
9.46
8.17
1.19
4.3
1.05
5.07
2.7
8.62
8.07
8.59
3.2
3.56
8.23
1.95
4.79
9.62
6.11
2.13
7.27
3.89
4.12
5.56
1.68
1.52
5.61
3.49
9.05
7.29
7.81
5.14
6.57
7.65
7.26
2.85
7.1
1.19
9.56
9.3
6.61
7.18
5.81
9.0
4.12
8.29
3.24
4.75
1.37
6.36
9.83
7.78
6.74
7.81
7.82
9.33
2.93
5.45
5.38
1.19
9.76
7.08
8.69
6.51
7.37
7.38
4.36
6.46
8.6
9.15
7.54
6.9
7.78
6.51
5.62
7.24
5.69
9.58
4.77
8.29
7.54
5.87
2.49
1.04
5.72
4.25
3.32
8.92
9.32
4.58
8.9
4.24
3.16
5.39
1.87
8.41
1.7
8.56
10.0
8.97
1.62
9.67
5.11
2.21
8.65
1.44
9.45
1.56
7.41
8.98
6.41
8.38
6.88
1.95
2.32
9.28
5.86
2.51
6.31
4.98
6.54
2.23
2.94
3.71
6.29
2.71
9.72
3.65
8.93
9.98
8.97
9.63
1.43
5.48
4.98
2.0
3.35
3.79
5.11
6.72
5.67
8.68
4.67
9.36
4.5
8.79
9.09
1.93
9.19
2.3
1.89
7.68
4.62
9.23
5.98
1.38
4.34
1.2
5.58
8.78
7.31
3.44
4.07
2.17
7.18
7.09
4.69
6.97
8.07
7.52
4.48
5.22
4.62
3.93
1.96
7.27
6.91
1.8
5.0
5.75
1.42
2.2
6.49
8.02
2.99
6.68
3.03
2.65
7.74
2.83
9.25
7.36
4.39
4.62
9.57
3.85
3.26
4.28
6.81
1.71
1.39
7.2
5.29
9.22
4.04
7.02
5.95
6.34
6.3
5.71
2.46
4.16
4.94
9.74
9.94
1.53
7.33
4.76
7.07
8.16
6.66
7.74
5.12
1.22
1.11
2.83
3.42
1.12
2.77
3.16
6.35
1.42
1.61
9.46
9.58
2.87
8.2
9.94
3.54
9.97
7.03
3.08
3.93
9.58
7.8
6.52
5.77
2.22
2.09
6.59
6.2
3.87
4.15
5.03
2.65
2.49
3.1
6.05
3.19
9.87
7.94
4.29
3.89
9.53
2.86
8.27
5.67
6.63
4.2
1.64
7.02
3.58
9.35
9.47
5.97
5.03
2.58
4.96
6.76
4.41
9.68
8.07
5.5
9.45
4.91
1.9
8.94
6.77
7.3
2.85
6.9
5.53
4.85
9.25
3.59
7.62
2.04
8.25
9.36
5.8
4.98
5.63
2.65
4.29
8.34
6.57
1.26
2.63
3.2
4.42
1.12
3.31
8.89
3.49
7.08
5.43
5.52
6.77
8.54
1.5
9.23
7.09
7.51
7.79
2.31
5.73
5.02
7.87
7.23
4.51
5.87
4.72
4.95
6.43
9.96
4.25
8.53
2.4
8.79
6.1
4.96
5.12
8.36
5.07
8.11
9.47
9.37
1.21
4.9
3.58
3.16
7.97
7.49
1.98
3.3
4.8
2.94
5.1
6.13
7.36
3.47
5.24
9.35
8.98
3.84
9.34
7.9
2.73
9.17
5.83
7.95
7.94
1.21
6.46
4.49
1.72
2.31
9.14
5.92
9.27
2.15
5.51
3.94
5.71
8.68
1.7
7.54
4.2
5.36
6.38
5.71
1.81
6.89
8.07
9.05
7.32
1.97
8.65
5.27
9.82
4.61
1.55
7.7
3.47
3.53
8.49
3.73
4.42
9.12
5.24
6.65
9.84
6.61
4.31
6.13
5.29
1.85
6.93
7.24
9.83
4.32
7.47
8.86
7.57
5.41
8.1
9.14
7.87
3.11
1.85
6.02
4.32
5.94
5.78
5.07
1.89
8.16
7.2
6.01
9.88
9.22
7.7
7.24
8.31
2.67
2.51
2.73
4.4
1.04
9.95
7.26
5.89
5.48
2.68
1.29
4.35
4.83
5.95
4.53
4.43
4.58
3.3
6.52
7.47
3.06
7.82
6.61
3.4
2.8
7.04
2.82
7.54
1.54
7.45
2.67
2.3
2.3
4.78
8.44
4.68
1.69
3.18
5.42
5.98
1.87
6.53
7.94
8.21
7.68
8.34
7.75
7.92
9.71
4.95
7.45
4.64
1.05
9.9
2.38
4.2
4.22
7.43
8.59
7.3
6.43
5.88
4.87
3.49
7.01
7.18
6.6
5.94
6.31
9.32
1.31
4.91
4.6
3.69
5.57
4.27
2.23
9.96
5.19
4.69
9.98
3.03
6.86
4.68
9.64
3.73
3.45
6.44
4.22
4.7
3.24
6.52
6.27
6.56
8.03
1.86
4.25
1.29
1.76
6.86
1.59
6.87
3.43
1.66
1.27
2.39
6.69
7.81
4.33
1.42
4.21
1.78
2.43
3.51
7.42
3.6
7.7
7.71
5.66
3.75
8.9
1.57
2.95
8.42
2.81
6.46
6.1
2.58
5.57
4.78
3.6
2.96
6.7
9.63
5.83
8.66
4.06
6.72
9.43
7.3
4.45
6.72
4.21
7.58
4.92
1.81
2.06
6.26
7.95
9.0
9.12
4.49
1.55
6.3
3.49
8.19
7.04
9.57
7.52
6.36
3.07
9.53
7.19
9.42
3.61
5.32
4.56
3.69
4.84
4.04
6.97
7.08
4.28
4.08
7.1
3.69
4.94
9.28
4.93
6.94
8.28
6.58
1.09
4.34
5.19
4.82
3.63
8.28
9.97
6.99
3.87
4.32
5.6
1.25
5.47
8.53
9.88
6.38
7.91
2.26
8.18
7.08
7.27
4.78
3.81
6.77
2.14
2.37
3.69
7.12
9.65
9.83
1.92
1.38
9.14
9.85
5.42
4.13
5.53
9.06
2.44
7.04
2.5
5.5
2.67
4.64
9.13
5.04
7.49
2.4
4.05
3.17
7.06
5.27
8.38
2.63
2.78
3.91
4.65
1.98
8.01
2.47
1.3
6.82
9.54
6.71
8.28
3.42
1.59
5.78
4.99
8.7
2.87
4.98
8.6
3.39
6.57
9.28
6.58
1.61
9.98
6.82
9.38
1.23
3.4
6.04
2.31
5.9
7.17
6.49
5.92
1.92
1.46
8.11
7.57
2.7
8.53
2.02
9.23
5.91
1.13
3.28
1.43
8.28
1.22
6.27
5.63
1.02
2.93
4.28
1.4
5.13
1.6
9.61
7.15
9.82
4.59
6.45
1.88
8.78
8.1
2.63
1.86
4.71
3.85
6.55
8.13
1.25
8.69
5.34
3.51
7.62
4.16
2.24
9.49
6.37
3.19
2.67
2.63
5.38
2.8
6.6
9.73
3.85
9.33
8.35
2.36
7.85
5.49
5.75
2.25
2.0
6.04
1.61
6.59
6.99
4.93
2.41
8.66
1.07
1.51
5.46
7.86
1.83
8.77
7.59
5.31
5.0
4.1
6.43
6.95
7.02
7.97
3.44
8.68
4.43
8.1
3.93
4.88
7.68
1.81
5.28
9.28
9.15
3.36
6.09
1.95
4.94
9.0
4.21
1.2
6.89
1.81
5.04
7.29
9.64
3.04
3.47
2.04
3.58
1.81
6.92
3.91
4.45
2.06
1.46
7.68
8.65
7.6
4.83
3.91
4.75
2.8
9.29
6.94
2.72
4.2
5.27
2.53
8.7
2.68
6.4
1.66
9.07
9.0
1.47
4.32
9.79
9.53
2.76
5.12
6.1
8.65
8.59
3.47
3.1
2.89
6.16
9.48
8.53
9.33
7.98
5.42
8.66
2.74
8.86
2.33
6.9
9.1
9.29
9.04
7.79
5.23
9.62
1.32
5.12
9.49
1.33
8.12
9.12
4.48
3.49
2.49
1.81
4.26
6.21
6.55
9.44
6.12
5.63
3.18
3.5
5.22
8.27
8.06
8.71
9.35
6.51
1.21
2.69
7.44
4.03
1.53
5.29
7.37
8.65
6.03
8.95
8.63
6.09
2.72
4.67
2.55
8.75
5.42
3.59
6.4
3.17
3.62
1.94
2.86
8.29
5.62
7.56
8.94
6.93
6.57
8.32
1.77
8.25
5.0
9.14
3.78
2.41
5.05
9.72
8.09
9.88
6.47
6.39
1.04
5.44
4.94
3.28
1.25
5.12
8.37
2.29
3.3
6.7
5.01
8.28
1.79
2.72
8.01
3.6
1.29
5.5
9.18
7.3
2.53
4.15
7.63
8.8
8.39
5.46
9.14
2.8
3.92
4.43
6.17
1.6
7.53
7.53
9.67
2.1
1.99
2.29
5.67
2.47
1.47
4.61
5.1
7.08
8.49
4.66
9.65
8.98
1.66
5.63
5.69
3.63
2.5
6.01
8.45
10.0
9.48
7.74
4.95
6.2
1.52
8.93
6.26
4.9
5.62
9.51
5.32
4.08
9.35
1.19
3.77
4.95
8.56
9.59
2.38
2.62
1.15
8.08
5.11
6.13
5.23
7.25
4.69
4.46
5.62
5.13
5.05
9.28
3.74
7.52
6.94
8.54
2.88
6.01
5.78
3.06
7.01
6.71
9.94
9.47
3.34
6.86
9.47
2.78
4.51
3.48
5.8
1.43
4.25
7.07
7.14
1.76
6.29
3.58
3.18
4.77
2.46
9.09
2.86
3.63
8.65
4.9
6.74
7.29
6.2
4.52
8.46
4.55
2.62
5.12
8.51
5.93
1.8
4.35
4.18
4.86
4.77
2.5
4.86
2.52
6.06
6.96
2.04
3.12
6.29
8.34
7.91
3.38
4.45
2.62
4.01
8.62
3.73
3.27
6.41
8.23
1.05
9.24
7.15
7.71
9.33
5.1
8.4
9.73
1.29
5.41
2.93
6.29
1.47
8.88
2.1
1.67
2.25
9.83
6.9
9.95
4.06
5.85
7.21
6.35
4.79
3.39
4.71
7.6
3.63
9.6
4.51
8.78
1.93
2.99
5.25
1.67
7.84
9.74
1.12
8.84
5.08
8.38
3.54
5.55
9.86
3.67
7.6
9.72
9.46
1.02
4.06
9.49
7.18
4.26
4.79
4.22
3.21
7.12
7.79
5.44
4.69
1.33
2.22
9.68
8.6
2.49
1.2
6.53
1.87
3.27
6.76
1.52
4.67
4.23
4.31
7.03
2.05
7.48
7.63
1.38
5.78
4.53
6.48
4.16
8.58
7.16
9.49
3.51
8.29
6.85
7.45
6.66
2.23
9.91
8.55
4.24
6.51
4.14
5.32
9.0
8.44
3.35
7.84
3.29
9.85
5.23
4.96
8.56
6.17
4.4
9.92
7.84
5.32
6.02
4.12
1.14
9.01
9.32
9.11
9.22
4.33
4.4
9.03
8.58
3.69
3.29
6.82
3.33
4.76
5.2
3.55
1.94
5.86
8.23
7.12
6.43
1.47
3.28
9.1
5.76
7.65
1.39
2.15
8.31
5.16
4.93
5.0
2.32
7.11
6.36
1.44
5.25
9.68
7.91
9.71
8.5
5.7
9.79
4.46
2.24
4.78
7.85
9.21
1.66
1.43
2.77
5.87
2.75
1.78
5.3
3.16
7.07
6.55
8.41
1.99
4.21
3.53
7.36
2.79
9.5
3.73
9.03
3.71
5.44
5.71
5.78
7.31
9.97
7.22
9.72
5.17
7.7
5.19
6.15
9.7
3.73
9.26
9.49
8.49
8.01
6.54
1.69
6.02
3.64
4.72
1.03
6.55
8.08
5.38
3.31
9.0
3.07
2.01
8.86
1.21
7.25
9.0
7.47
9.95
1.59
9.1
3.48
9.64
6.41
4.34
3.77
2.22
9.89
9.83
7.4
1.57
2.41
8.16
5.09
8.86
9.34
9.98
3.23
6.97
5.6
9.46
2.06
6.06
4.67
4.56
9.0
2.92
3.67
3.57
6.65
6.4
7.41
3.68
8.93
1.99
3.81
6.12
4.24
9.68
8.93
5.61
8.06
8.14
7.47
7.71
4.82
4.24
5.14
6.13
2.18
7.88
2.53
7.34
1.84
3.41
5.11
2.61
5.05
7.89
7.34
9.88
7.51
5.24
2.27
3.29
6.69
5.51
8.51
8.03
6.65
9.08
9.99
9.81
6.18
1.13
7.88
9.7
8.68
9.25
3.5
8.34
8.04
9.01
8.79
1.37
8.48
3.59
4.24
3.19
3.8
3.29
8.31
1.33
1.63
3.77
7.99
1.39
6.83
9.42
1.89
1.98
1.87
7.28
4.82
1.75
2.33
9.08
4.1
4.94
5.57
3.06
8.14
7.24
3.6
1.3
3.31
6.94
2.34
2.86
1.14
7.31
1.55
9.05
4.06
1.86
4.43
4.61
1.51
3.91
3.46
5.38
3.37
5.12
3.86
2.83
1.53
4.56
7.97
2.11
5.24
6.06
7.15
1.76
9.35
2.49
1.49
8.85
8.13
4.44
8.33
1.38
7.6
5.26
5.81
1.13
9.18
8.53
1.63
2.12
3.45
8.12
3.41
3.46
3.91
3.32
4.37
8.24
5.73
2.02
4.6
2.54
8.16
1.12
6.43
5.4
4.36
5.21
5.27
8.68
5.14
9.46
7.64
9.55
6.56
6.73
9.72
5.84
6.76
4.32
3.82
3.32
7.64
1.9
8.55
7.89
6.76
6.83
8.15
6.99
2.29
9.6
9.67
8.88
3.64
3.19
7.12
9.91
5.05
2.89
7.09
3.35
1.29
7.91
4.22
6.28
6.84
2.13
5.0
1.37
6.35
9.5
7.82
6.55
8.22
2.41
6.07
4.0
1.45
5.01
8.63
8.99
9.49
4.09
8.08
7.52
6.38
4.87
6.75
5.42
7.62
2.13
7.24
9.7
6.46
2.67
7.52
4.86
4.24
8.05
7.87
3.13
1.37
7.67
3.48
3.08
5.84
5.87
3.54
7.52
3.12
1.5
9.61
2.45
8.39
5.24
1.03
2.86
4.1
5.59
5.95
8.81
5.51
3.83
6.06
6.47
9.61
4.82
9.13
6.17
7.59
6.98
2.16
1.13
9.95
1.19
8.55
1.65
5.47
8.97
3.7
7.54
5.13
6.16
3.27
1.81
9.87
3.73
7.27
7.12
7.48
6.73
1.61
5.62
8.11
5.88
4.86
1.54
2.19
4.26
2.55
5.45
7.31
9.23
9.23
4.91
2.54
7.88
4.2
6.03
3.65
5.03
3.5
8.62
2.1
7.36
2.28
3.74
6.86
7.93
5.44
8.7
1.44
5.72
8.0
1.04
4.81
1.18
1.1
5.05
8.37
5.59
3.28
2.76
7.04
1.18
2.61
9.21
3.14
3.88
3.59
5.39
3.97
5.44
1.06
8.22
3.39
3.61
2.49
2.81
1.13
5.35
7.38
2.17
7.52
7.34
6.82
4.56
7.66
4.19
4.46
6.13
8.54
1.18
9.3
8.95
1.1
9.28
4.7
8.56
4.2
1.72
6.84
7.62
7.3
2.01
5.1
1.37
4.17
5.22
8.58
3.39
2.15
5.18
6.47
5.2
2.68
3.76
7.91
4.87
5.93
7.86
3.35
9.66
6.8
9.88
9.24
7.29
6.16
3.49
2.87
9.86
3.96
8.52
4.69
2.6
6.19
3.2
8.09
1.24
1.15
6.07
7.29
8.5
5.76
2.11
8.86
4.07
9.7
5.2
9.66
4.52
7.05
2.65
9.17
6.41
4.52
6.43
3.93
6.52
4.2
9.49
2.73
5.67
4.04
9.63
3.41
2.47
3.67
7.08
9.19
3.81
4.96
7.99
9.17
1.31
7.46
3.01
7.89
2.23
4.56
8.0
2.63
3.54
7.36
2.46
7.07
10.0
7.77
7.68
7.71
1.34
1.45
5.25
4.54
1.18
1.26
9.99
8.98
6.81
4.49
5.34
8.38
8.07
4.47
3.54
1.05
8.58
3.24
4.61
6.55
8.5
7.18
5.04
5.27
5.79
6.51
9.51
8.41
1.63
6.44
3.85
9.61
9.49
5.29
8.19
6.27
7.81
8.83
6.27
1.43
1.53
2.99
9.99
4.82
6.15
2.92
4.52
7.03
3.08
7.42
5.74
9.83
3.76
1.09
2.66
2.38
3.62
7.43
6.86
2.81
2.72
2.58
5.35
4.08
9.02
5.47
5.92
5.74
4.36
5.55
7.33
8.16
7.61
7.25
1.65
3.63
1.94
8.84
4.13
2.54
9.04
3.76
7.12
7.21
3.21
3.66
1.39
7.37
2.09
3.71
1.36
6.12
6.55
5.6
9.44
5.11
5.14
7.4
7.85
6.29
9.84
3.41
3.34
6.04
4.82
5.85
1.3
9.21
6.93
7.07
6.79
8.45
8.7
5.13
1.4
6.55
1.22
9.25
2.09
9.84
2.77
3.3
8.32
3.91
2.0
7.37
2.37
2.24
1.11
2.94
4.14
6.57
8.29
7.75
5.47
1.65
5.11
5.49
8.88
2.84
4.57
7.52
9.74
5.33
4.31
2.25
8.01
3.08
9.24
1.4
9.16
9.41
2.3
7.97
1.38
1.66
2.86
5.07
2.37
9.13
8.7
2.97
3.38
9.0
5.05
4.6
2.87
4.62
8.99
9.01
5.23
6.18
9.9
3.25
6.63
4.05
1.57
3.47
8.27
3.41
2.63
6.61
5.99
1.59
3.7
6.7
1.85
5.68
6.79
1.82
3.13
8.2
9.46
9.1
2.26
4.47
3.73
7.97
2.53
2.88
8.58
8.92
2.89
9.58
6.31
2.15
2.94
5.37
1.16
1.61
9.29
3.23
5.4
7.52
9.88
6.69
6.49
9.99
1.43
9.92
4.76
8.88
2.65
7.81
6.64
8.06
7.36
7.21
8.16
2.82
5.74
2.76
9.38
7.96
5.6
6.7
3.73
5.46
5.36
7.36
5.19
1.19
7.04
1.26
6.39
4.31
4.69
2.71
8.13
4.57
7.93
9.13
1.41
8.72
9.38
8.2
2.95
7.46
6.06
6.15
8.1
1.97
5.42
2.58
2.17
6.47
6.64
6.58
8.34
6.71
4.17
5.18
1.48
7.37
6.73
6.11
2.0
8.87
2.04
2.26
1.64
3.0
3.87
4.63
3.4
3.51
5.66
8.76
7.18
8.07
2.78
3.6
9.32
5.93
3.62
2.03
4.53
3.86
6.52
7.03
7.66
4.75
3.66
4.91
7.01
3.26
2.54
5.55
5.16
2.25
8.67
6.68
6.3
3.54
7.21
7.66
2.2
1.72
3.68
4.69
7.49
1.35
9.93
1.82
5.64
9.47
4.36
7.36
4.35
7.7
4.24
3.05
5.0
8.36
5.32
4.76
7.17
7.35
9.01
3.05
7.11
3.34
7.72
1.11
1.32
9.77
7.06
8.63
1.75
9.29
4.62
8.62
8.71
7.84
2.33
4.71
2.14
8.87
9.35
2.83
8.2
7.18
3.89
6.83
4.75
6.94
4.54
7.85
6.84
4.47
3.67
1.17
6.93
9.89
5.55
6.64
8.18
6.81
4.26
6.28
4.2
4.39
8.76
7.44
1.9
8.45
2.38
8.59
6.03
4.19
5.07
1.64
2.32
2.67
3.81
1.79
7.57
5.03
4.72
3.88
2.64
6.26
6.4
8.47
7.36
6.82
7.11
7.41
7.62
5.98
5.81
2.35
9.8
8.98
9.61
9.7
3.13
4.35
6.84
5.29
5.06
3.73
3.24
5.11
1.26
9.63
7.57
5.86
8.61
5.14
2.16
7.43
8.87
3.93
9.2
1.1
4.1
9.92
5.62
8.77
1.28
2.74
6.06
8.08
9.04
1.66
2.97
8.73
2.34
2.01
5.91
2.5
5.04
7.05
1.7
2.49
2.0
6.67
8.36
6.23
1.87
2.63
3.58
3.73
9.96
9.06
2.04
6.53
2.03
9.4
5.48
7.53
8.88
6.99
6.43
8.98
7.81
8.06
3.84
9.71
4.44
9.09
3.95
3.92
5.01
6.65
2.45
5.57
2.87
5.55
3.41
5.62
9.61
4.29
2.35
7.96
1.93
6.16
7.98
4.4
7.81
8.5
1.17
3.12
8.05
4.08
7.31
1.47
3.52
3.01
2.98
8.92
4.55
9.59
2.93
8.57
9.64
1.43
7.37
3.38
9.73
4.17
9.38
8.69
5.7
8.97
2.24
4.27
7.63
7.58
3.06
5.98
2.48
4.77
4.96
3.22
9.25
6.59
9.21
8.06
8.78
1.05
4.85
2.04
5.3
7.46
9.15
8.82
3.78
2.31
8.5
6.16
1.33
7.62
6.0
6.84
7.19
7.79
4.97
2.35
6.66
3.1
4.96
2.21
1.85
7.36
1.41
1.41
6.18
4.69
5.89
9.9
7.45
1.78
5.3
6.44
9.65
3.74
1.57
9.44
2.11
2.93
6.83
6.77
5.12
4.88
1.61
4.02
7.81
3.57
6.3
7.74
9.89
5.41
8.89
7.32
7.96
3.62
10.0
7.72
8.79
5.23
5.33
3.19
3.31
1.9
1.72
1.87
7.62
3.2
4.9
9.05
7.48
6.01
5.22
4.93
4.59
4.42
6.57
2.51
7.88
5.12
3.01
8.25
4.0
4.37
8.03
1.34
1.02
5.77
7.46
9.39
5.78
3.98
6.66
2.17
3.31
3.51
4.11
3.81
2.11
3.96
3.27
2.66
5.15
3.75
7.34
4.31
3.79
7.58
1.38
3.74
1.17
7.31
1.58
9.68
9.55
9.66
2.54
1.02
3.95
8.51
5.89
4.69
9.76
4.47
4.76
6.5
3.08
2.08
8.13
8.86
9.28
2.87
2.34
2.05
5.3
3.99
3.73
1.28
5.04
2.56
5.37
5.33
5.82
4.53
4.84
7.05
2.77
5.33
6.68
2.01
4.93
3.2
2.45
7.38
3.31
7.08
8.65
5.67
2.11
8.59
6.71
3.18
1.74
3.03
3.49
6.71
7.39
2.72
9.67
1.06
7.09
7.26
4.33
4.87
7.28
1.31
7.52
9.99
9.01
8.15
6.02
9.06
8.89
5.6
6.5
3.22
2.72
2.39
5.96
9.5
8.73
3.94
7.19
9.3
7.53
4.64
7.08
3.21
8.52
6.11
1.51
2.78
7.75
3.96
1.13
2.0
3.55
9.92
3.96
7.0
4.19
4.39
5.68
5.93
1.37
7.56
4.06
4.08
5.5
9.45
9.1
8.02
2.6
1.26
6.26
5.05
9.04
9.48
1.67
1.08
3.36
2.06
6.33
6.71
4.99
2.92
8.66
4.97
6.27
4.13
2.74
2.75
2.59
7.72
3.95
6.79
1.85
2.19
4.95
7.71
9.83
7.51
2.74
7.47
4.24
4.61
6.49
1.11
4.21
1.62
4.19
7.03
6.05
7.59
1.5
1.06
6.14
7.69
4.75
5.67
9.14
5.23
7.37
4.88
6.06
5.14
2.09
6.45
1.97
2.42
9.18
9.78
3.53
6.31
5.74
4.39
7.08
2.5
1.53
4.13
2.82
6.31
2.61
2.23
7.46
6.61
2.53
8.87
1.79
5.18
2.39
4.52
7.64
5.08
4.79
9.33
4.14
8.8
4.19
7.28
1.8
7.44
6.36
1.71
6.54
1.92
8.82
8.9
8.51
5.47
9.09
5.34
8.38
5.87
3.64
2.45
3.62
6.56
2.3
4.67
6.16
6.93
7.39
1.68
3.48
4.42
7.28
2.69
3.81
8.24
6.67
8.39
6.71
4.37
7.95
5.06
9.09
5.81
7.69
8.69
1.74
7.27
9.91
6.83
2.73
1.02
9.58
9.13
6.19
1.91
6.96
9.64
4.54
3.33
1.48
4.38
6.4
8.17
1.88
1.7
5.46
9.84
5.49
5.08
2.18
6.29
9.61
4.66
5.92
5.06
9.97
4.61
1.57
3.67
4.42
7.65
6.09
9.69
3.94
4.88
8.92
7.84
9.7
1.46
1.08
2.87
7.27
6.22
7.0
2.11
5.54
3.29
8.84
9.84
8.86
6.3
1.98
9.93
3.2
8.37
4.74
3.74
3.81
2.99
9.07
7.2
9.73
5.69
2.71
2.34
9.1
7.65
2.45
5.78
2.15
5.66
1.73
4.78
3.5
9.43
4.13
3.81
7.25
2.05
1.37
3.51
4.08
3.69
9.53
3.34
4.52
5.43
3.45
8.1
8.52
2.13
6.83
5.01
5.92
8.08
8.6
8.07
2.85
9.06
4.61
3.66
4.87
5.76
4.68
6.58
5.57
8.13
2.4
6.37
6.66
1.34
2.63
1.56
2.57
7.01
2.35
7.57
8.47
4.3
8.16
2.88
4.67
8.45
5.71
8.38
9.17
6.43
3.29
3.13
3.93
6.0
2.15
6.83
8.71
6.98
5.16
2.48
4.06
3.39
1.32
8.49
5.38
3.73
3.69
2.43
1.54
4.28
7.6
5.09
9.68
2.83
9.7
3.18
8.99
5.28
3.64
1.93
5.8
3.82
4.34
4.07
3.67
5.18
1.17
8.56
7.0
7.73
7.38
9.15
5.14
6.74
9.58
6.23
5.89
7.81
2.98
6.15
4.23
1.47
7.92
6.63
2.32
2.03
5.49
7.5
4.84
2.82
5.64
9.03
8.32
1.97
8.35
7.97
1.85
4.36
8.67
3.63
6.8
5.5
3.25
7.17
6.99
2.18
7.54
2.28
3.79
9.0
8.64
3.28
9.72
9.95
4.96
3.58
7.57
4.48
2.66
2.79
1.17
5.94
5.68
2.62
8.55
3.68
7.75
9.96
1.5
9.47
6.78
1.65
1.32
7.63
8.01
1.17
3.2
3.68
2.6
9.32
9.36
3.75
6.19
1.02
6.54
2.22
7.88
2.74
7.62
8.41
4.76
6.52
4.85
2.91
4.91
7.17
5.15
1.14
2.45
9.5
4.36
2.53
5.88
6.53
7.51
3.11
9.56
1.11
4.15
5.82
1.61
3.75
3.48
9.96
5.63
1.23
2.7
2.29
7.34
2.2
1.68
9.92
2.02
9.13
3.24
9.25
3.82
8.88
4.98
6.09
6.89
7.82
6.2
8.75
8.56
9.75
4.3
4.76
6.25
1.32
3.44
3.36
5.5
3.83
8.57
2.26
9.34
5.01
5.48
8.15
5.9
4.81
2.6
5.69
3.37
6.7
4.04
3.4
4.25
3.37
5.46
7.32
4.71
1.75
9.46
6.31
4.7
1.52
5.89
4.0
5.31
7.6
2.94
3.09
7.16
1.8
2.07
9.97
4.45
3.79
5.66
9.85
6.48
6.84
4.75
1.94
7.22
6.28
7.43
3.68
2.08
7.0
9.57
4.15
7.08
4.75
3.48
7.86
6.64
6.89
3.35
2.59
2.72
7.56
5.43
9.3
1.47
2.96
4.11
9.97
9.45
3.83
6.38
9.9
6.21
4.68
1.6
9.73
8.58
8.07
9.8
6.29
7.06
8.66
5.28
7.25
8.26
6.54
8.32
6.4
4.82
7.31
2.45
8.15
4.97
9.01
8.74
4.23
5.39
2.97
5.79
7.44
7.43
3.88
2.82
1.62
3.43
5.05
1.54
2.25
5.61
6.21
7.03
6.45
6.45
6.4
6.2
2.57
9.49
3.17
7.48
7.72
9.99
1.55
8.57
8.7
8.62
7.24
6.95
6.94
7.09
2.86
1.33
6.25
6.25
9.15
7.62
8.39
3.84
3.96
7.67
7.81
7.13
1.02
7.47
9.62
7.22
3.04
2.62
4.55
5.17
8.81
1.29
3.26
4.63
3.75
7.76
9.11
3.88
6.56
1.42
1.69
9.28
7.49
4.97
2.83
7.07
8.42
2.51
2.13
1.69
8.52
8.29
2.5
9.55
10.0
8.0
9.79
4.35
7.15
5.37
6.87
9.97
5.59
4.79
5.85
1.03
2.4
3.76
7.87
3.72
8.66
4.58
5.04
6.4
8.96
7.39
3.18
7.75
6.21
9.42
5.85
9.53
4.67
4.82
9.2
3.52
8.23
7.67
4.42
7.69
9.09
5.75
7.19
1.53
8.12
2.32
3.06
5.61
1.99
1.25
6.11
8.27
7.62
6.34
2.54
3.26
3.36
1.05
5.07
1.27
8.04
7.11
5.14
7.26
7.57
8.68
4.68
2.24
2.91
7.17
7.8
1.3
7.11
6.17
4.75
2.84
9.69
7.7
7.27
1.78
7.57
9.36
5.65
6.63
4.13
4.33
4.42
3.07
4.33
8.54
9.19
5.62
4.0
8.91
8.92
1.19
3.59
1.13
4.2
6.41
6.27
1.59
6.61
8.29
3.49
3.46
8.22
1.04
2.99
7.43
5.83
2.41
9.89
4.15
2.51
8.95
9.68
2.45
6.35
5.3
3.29
9.6
5.93
9.64
7.73
3.49
6.46
1.58
5.27
8.89
8.77
9.89
4.31
8.4
8.91
2.25
6.72
5.97
3.97
9.1
6.39
7.39
5.19
4.6
4.16
9.26
5.16
1.84
5.86
4.64
7.29
3.87
6.84
5.82
7.12
7.96
9.48
9.7
7.14
8.47
7.85
1.02
2.05
9.94
7.65
5.13
3.05
4.67
9.97
6.81
7.76
1.22
6.95
3.35
3.5
4.39
4.42
8.6
1.07
8.61
6.24
2.87
1.1
2.26
5.84
5.97
4.54
8.25
2.49
5.12
2.85
6.57
6.29
6.99
9.61
2.86
5.13
3.96
1.13
2.12
1.28
7.61
8.42
3.32
3.71
9.07
1.36
3.05
9.0
3.84
4.55
6.97
5.53
4.46
5.51
6.54
7.33
2.33
5.9
3.31
5.27
9.35
8.09
4.14
7.25
1.38
5.53
8.92
2.79
7.41
6.08
2.41
9.98
1.65
4.61
3.74
7.08
3.4
4.61
7.34
9.3
3.08
8.99
6.17
4.05
8.09
4.74
5.18
4.7
3.92
6.51
3.85
7.23
8.4
3.17
8.1
2.91
9.21
9.55
1.42
4.97
6.43
5.98
3.15
3.26
8.43
2.73
3.6
3.4
4.2
4.8
9.58
2.06
6.82
1.58
1.77
3.64
9.59
3.55
3.08
2.36
7.41
8.62
6.18
5.91
3.34
2.58
7.58
5.52
4.04
7.97
1.45
9.35
5.12
5.8
1.99
7.12
1.94
5.7
4.29
5.84
5.75
2.65
1.28
8.93
1.16
4.21
6.06
9.35
9.69
9.1
2.14
2.1
9.27
8.52
2.1
1.12
6.81
1.11
7.54
6.23
6.77
8.9
1.19
7.45
3.09
3.53
7.8
1.33
6.22
7.88
5.99
7.16
5.46
7.3
6.0
7.95
2.06
5.59
2.41
6.97
2.55
6.88
1.04
6.39
6.61
5.51
7.9
5.66
3.25
4.85
8.23
6.01
3.95
7.6
8.3
7.1
2.34
1.66
3.04
1.2
4.94
1.47
8.28
2.85
2.3
7.13
7.21
4.94
2.72
3.66
3.1
2.39
4.61
9.64
3.89
4.82
2.04
1.47
6.31
4.77
9.45
3.13
7.26
5.55
5.04
9.47
5.6
8.93
6.74
1.19
3.86
6.08
7.78
3.36
4.26
8.07
7.23
6.93
5.81
5.7
1.57
1.06
3.72
1.61
9.28
8.43
6.65
1.04
2.86
4.23
8.09
4.86
5.32
3.98
6.65
7.98
9.35
3.32
7.27
7.0
4.03
5.07
8.48
3.87
2.11
8.32
3.72
4.6
6.82
2.78
1.39
1.67
3.59
1.36
7.89
1.04
4.9
3.7
7.51
9.72
9.99
4.17
1.3
5.96
7.55
8.07
2.89
1.91
6.3
9.82
4.75
3.0
3.59
2.18
7.6
1.77
7.76
3.48
6.25
1.34
8.0
7.06
5.01
7.82
9.89
7.46
2.27
6.12
3.37
2.18
8.35
5.04
8.21
5.96
9.54
9.27
1.15
9.13
9.4
5.44
3.81
7.27
5.84
2.78
1.91
7.94
9.54
6.72
1.29
7.45
7.75
4.74
2.78
3.47
5.01
6.55
4.54
9.06
6.98
6.24
1.59
5.09
1.88
6.59
9.49
9.67
7.52
7.03
6.86
1.97
2.4
9.1
8.92
1.49
6.01
1.69
8.05
3.4
5.5
3.28
7.39
4.56
3.67
4.01
6.34
7.22
3.92
7.41
9.49
1.18
6.7
1.75
7.39
9.11
3.67
8.67
7.31
8.44
5.1
1.98
6.26
5.01
3.63
6.69
5.33
5.85
6.33
7.29
2.37
7.33
6.51
8.73
7.94
9.62
5.48
6.43
5.13
8.9
5.54
1.73
7.44
4.81
6.31
9.74
1.53
6.51
2.29
7.87
7.75
4.41
1.0
1.99
6.22
4.7
8.89
4.32
6.86
7.74
9.92
6.03
7.89
5.62
9.66
9.99
4.75
8.15
9.49
5.7
6.25
3.69
2.22
2.42
3.67
7.22
2.67
1.4
9.35
4.2
3.44
3.8
7.21
9.76
9.63
2.11
8.57
2.54
9.39
3.18
6.68
9.47
3.5
6.83
2.25
4.16
8.67
5.74
9.46
4.67
2.36
9.97
3.76
7.56
7.08
1.77
8.7
4.22
8.88
7.49
1.56
4.28
8.8
9.61
9.58
7.2
7.16
7.86
2.37
7.51
6.67
4.79
7.31
3.49
8.06
3.96
7.6
4.95
7.97
9.4
6.58
1.12
1.73
3.96
7.21
6.65
5.01
8.27
8.38
4.34
9.11
4.29
8.54
7.34
5.17
8.06
5.03
8.3
5.76
5.13
5.91
7.66
6.68
3.05
9.28
8.03
5.21
2.81
5.74
6.61
4.86
4.54
2.03
1.12
3.67
4.4
9.13
7.67
9.91
5.23
5.37
4.48
7.34
5.72
9.8
8.77
3.64
6.11
1.63
5.61
2.3
1.52
1.9
4.88
1.81
9.84
5.48
2.3
9.29
6.37
8.25
5.29
9.15
3.53
3.46
1.16
1.32
9.98
4.63
5.09
6.44
8.6
3.9
6.11
1.16
8.76
8.54
3.1
8.46
5.06
3.54
3.67
3.35
4.19
1.79
9.37
5.44
2.18
6.57
4.21
5.69
8.29
9.66
7.25
1.71
6.09
7.66
8.18
4.06
8.35
5.62
1.49
2.18
4.52
2.26
1.82
9.52
4.37
1.11
1.45
2.09
9.17
9.23
7.72
2.4
5.43
3.65
7.38
1.12
3.37
3.65
2.97
1.66
8.98
5.5
3.35
8.98
2.49
1.82
2.65
2.77
8.2
2.82
3.27
7.93
7.13
6.17
9.03
4.41
4.19
1.73
7.73
4.28
1.03
2.84
1.79
4.51
2.2
3.03
3.5
9.86
5.86
6.81
3.62
5.37
8.97
9.33
1.3
6.32
8.28
9.21
9.81
7.84
1.99
4.62
9.43
9.17
5.86
1.39
1.97
9.21
8.21
1.18
5.83
6.06
2.55
8.99
4.45
1.27
1.23
2.18
4.62
5.29
8.88
2.63
4.43
9.3
2.65
5.81
7.38
2.42
1.74
1.87
8.73
6.78
4.59
2.01
8.92
6.23
9.15
5.93
7.0
2.82
3.37
9.12
8.9
6.7
2.38
2.16
7.57
4.5
4.49
1.97
8.37
5.5
5.06
8.71
1.93
2.74
7.33
4.81
1.91
9.43
5.15
6.67
4.72
7.08
6.82
3.53
1.81
8.01
9.98
3.7
6.65
1.67
6.97
9.3
4.67
8.4
5.84
6.91
7.47
5.58
9.59
2.26
3.71
1.65
5.0
1.01
3.07
2.69
1.01
6.4
6.57
8.82
4.35
6.84
1.58
5.21
9.2
2.72
4.22
7.03
3.3
1.79
4.68
5.77
6.44
4.66
3.08
9.59
3.62
8.76
9.68
8.2
3.85
1.25
2.63
9.98
7.48
8.9
2.0
9.6
9.56
2.82
6.45
5.94
2.99
8.2
9.4
2.32
1.81
9.91
2.56
5.03
7.72
1.12
1.89
2.54
4.65
6.83
9.73
1.49
4.87
8.98
7.68
4.88
2.94
3.32
1.48
2.74
6.26
1.11
1.72
6.6
6.26
7.46
1.44
6.87
1.72
8.52
9.92
4.83
4.47
3.66
2.46
6.33
9.68
1.83
2.17
7.38
1.38
3.93
5.06
7.24
8.17
8.62
7.83
3.86
4.16
4.14
6.99
1.11
7.38
9.17
2.16
5.32
8.36
3.03
7.55
5.65
7.3
7.95
2.78
7.7
7.64
8.61
3.74
3.52
7.66
2.05
6.71
4.9
6.49
2.04
5.57
4.45
3.5
1.13
5.05
8.24
8.47
7.07
4.95
3.28
4.49
6.53
5.07
5.04
2.64
6.67
2.88
6.88
4.71
1.34
6.44
9.57
8.57
6.51
8.11
8.74
1.83
4.64
5.08
6.53
9.63
4.41
9.69
3.94
8.6
4.12
1.93
1.55
6.16
5.25
6.73
5.87
5.66
6.55
9.58
9.89
1.96
7.92
2.99
3.03
7.68
5.57
7.73
8.87
7.21
8.51
3.12
2.4
9.74
2.52
2.81
6.32
2.82
8.62
3.96
4.84
8.08
5.75
5.01
5.0
2.29
9.97
3.18
3.83
7.34
2.66
5.47
4.04
2.24
5.11
5.54
5.29
1.19
9.86
1.79
8.7
8.21
9.39
1.35
9.84
3.98
9.62
5.97
3.37
7.49
7.65
3.14
9.9
4.09
3.32
6.36
6.13
9.26
9.55
9.04
5.04
5.64
3.66
2.56
2.81
8.77
2.39
1.44
6.67
2.39
3.26
3.95
8.84
3.93
9.15
1.84
5.61
6.32
2.56
3.35
9.27
5.76
5.6
1.9
9.76
3.67
6.47
2.51
8.72
9.7
8.68
4.82
7.92
1.05
2.68
9.97
3.36
7.13
9.93
4.53
2.46
3.98
9.86
7.75
3.18
2.49
4.26
4.56
2.56
7.58
2.22
3.49
7.8
8.89
9.1
3.2
6.8
9.12
7.74
9.51
3.11
2.42
4.73
2.99
7.49
9.14
5.6
9.81
1.08
7.88
3.49
1.85
5.87
3.08
3.03
2.34
2.41
2.13
5.39
5.12
3.26
5.71
2.86
8.01
3.83
8.76
4.95
5.0
4.75
7.04
4.74
9.08
9.99
6.06
3.96
8.05
9.35
7.58
6.1
8.92
3.85
4.45
9.59
5.55
4.78
7.3
8.97
4.97
6.02
9.23
9.51
2.66
2.75
5.13
2.63
7.44
8.49
2.36
2.76
4.87
3.26
7.19
8.0
9.06
8.47
3.39
3.27
5.86
1.93
7.5
7.36
7.03
8.41
7.87
3.81
7.04
4.43
5.62
2.3
4.0
6.07
2.27
5.76
8.23
6.15
6.8
1.73
1.74
7.54
9.16
5.88
7.09
8.55
6.78
4.98
3.57
7.23
8.14
1.81
4.15
9.63
2.37
8.47
3.42
4.71
9.52
7.24
2.66
2.08
9.95
1.12
3.85
3.14
9.04
1.81
6.85
7.61
9.02
5.56
1.36
8.89
5.27
5.55
8.6
6.67
4.27
6.22
6.96
7.11
8.86
8.07
1.06
9.1
1.27
2.08
8.95
2.21
9.49
9.26
3.79
5.06
8.23
2.41
3.28
5.07
8.9
8.98
6.27
1.6
1.01
2.96
4.33
3.16
2.27
3.4
1.38
9.28
9.94
8.12
9.5
7.48
5.26
3.59
1.63
9.7
5.37
6.23
7.3
1.47
8.83
9.67
3.14
8.04
6.67
7.35
5.42
6.8
7.89
4.23
1.86
1.53
9.4
5.58
7.05
5.33
3.22
6.74
1.6
9.02
4.93
1.72
9.69
3.36
9.01
4.43
6.8
4.83
5.01
8.8
1.27
8.37
4.57
7.67
6.72
5.33
6.29
5.67
4.05
7.33
8.81
3.58
6.71
6.18
7.21
2.08
8.37
8.47
2.85
3.65
2.27
2.54
5.82
5.6
5.65
4.1
3.02
5.16
1.85
9.85
7.93
6.55
1.44
7.66
6.73
2.45
8.2
9.1
4.51
4.81
5.07
8.58
9.42
3.68
3.44
6.29
3.75
1.36
5.39
6.36
1.28
7.69
1.55
9.56
9.34
3.47
2.78
9.44
2.49
9.81
1.69
4.53
9.5
5.48
3.82
5.19
2.64
3.69
5.6
1.41
2.74
3.97
5.02
5.88
5.34
2.23
2.99
3.74
3.5
9.34
1.54
7.76
6.73
2.86
2.35
9.75
1.41
5.79
1.58
3.22
1.2
1.1
3.39
6.17
1.93
6.84
4.9
5.83
7.25
1.33
8.58
5.72
4.02
1.16
8.84
9.71
2.02
2.66
5.43
9.69
5.71
4.47
8.09
4.61
4.02
9.66
4.47
4.26
7.59
2.35
2.36
4.17
3.32
8.57
7.22
8.21
4.79
7.22
8.88
8.2
8.09
1.47
2.84
1.73
5.69
8.93
1.62
6.17
7.53
5.91
7.63
4.45
5.47
1.35
7.89
3.38
9.26
8.02
2.21
2.24
9.02
3.12
4.31
5.42
5.49
8.19
7.62
4.26
1.98
2.02
9.99
2.49
7.71
6.38
4.54
4.37
8.84
4.51
8.43
6.39
1.78
7.3
3.0
7.45
1.89
5.17
7.52
6.33
2.7
7.38
9.16
9.53
1.19
6.24
5.1
4.06
5.52
6.18
9.61
9.55
9.83
1.43
9.59
4.87
9.65
1.78
2.07
1.05
2.91
2.44
7.22
2.11
1.94
5.95
6.97
2.19
2.8
3.88
4.66
2.57
9.1
7.53
3.67
5.98
7.92
6.68
6.02
8.21
2.13
8.14
4.09
3.01
5.17
9.07
3.11
3.28
6.96
9.16
5.63
8.88
7.48
4.41
6.63
5.93
7.72
5.22
7.55
2.12
1.94
5.74
8.81
4.16
6.66
5.97
9.45
1.25
4.48
6.78
8.73
4.4
5.34
3.68
4.68
1.8
6.12
3.88
3.87
3.35
1.81
7.81
5.06
4.74
4.27
2.41
5.33
5.23
6.44
6.07
1.49
1.37
7.16
8.66
6.73
2.57
2.99
2.35
4.93
9.68
9.11
2.3
2.83
1.08
5.1
5.93
7.51
7.48
7.36
8.13
1.2
9.22
5.25
3.79
1.69
8.91
8.73
8.36
1.46
9.35
7.55
1.46
1.55
5.28
6.4
2.68
5.8
3.1
5.19
9.08
4.63
8.73
6.9
8.95
5.42
2.91
2.27
9.56
8.4
9.22
1.11
9.63
5.42
1.01
2.73
1.48
1.17
5.61
5.0
1.23
3.49
6.84
1.82
4.99
3.39
2.73
7.04
5.37
4.4
5.49
3.98
7.13
3.38
8.33
2.96
2.81
8.07
4.31
5.84
5.96
2.73
2.82
1.46
3.77
5.55
2.04
7.66
2.94
3.8
9.41
9.05
6.56
3.71
5.13
9.85
4.43
2.88
6.58
4.86
6.44
9.18
5.31
7.53
6.07
2.56
1.57
8.96
8.9
3.48
2.51
5.15
4.63
6.05
5.03
3.89
3.46
5.71
4.58
4.6
6.83
8.1
4.19
9.9
9.27
6.21
7.8
3.63
5.42
2.12
1.48
4.5
3.98
4.58
2.25
7.61
9.88
3.69
2.87
6.63
1.41
1.86
8.75
4.9
1.17
2.12
1.73
6.19
9.84
4.67
1.5
9.6
2.06
3.92
6.1
9.95
6.78
2.64
1.71
7.74
3.85
6.26
9.03
7.34
9.28
9.79
7.17
2.43
9.11
8.8
1.36
4.5
3.14
6.31
9.56
6.91
4.64
1.93
2.79
3.06
4.25
6.52
6.48
2.67
7.64
9.24
6.13
7.24
6.93
9.31
8.27
8.71
4.61
8.15
8.53
5.57
5.56
9.52
6.07
7.89
6.72
9.93
4.0
8.06
3.49
9.93
5.33
6.21
9.21
3.21
1.21
3.74
6.28
8.57
2.59
3.88
2.42
4.61
5.98
8.96
4.47
4.9
3.04
7.88
2.49
2.64
1.12
7.62
7.26
5.58
1.54
4.09
6.09
7.38
2.35
6.34
7.73
7.27
4.5
2.8
7.86
8.89
6.94
2.2
1.65
2.99
7.88
8.6
7.16
9.5
8.02
2.25
8.89
8.93
1.17
7.69
7.31
8.42
2.21
2.55
3.19
4.14
7.8
4.66
9.35
3.97
3.01
1.24
4.54
7.73
4.13
1.88
1.21
7.24
3.05
9.34
4.39
3.07
6.87
5.52
2.54
5.19
7.88
8.32
1.29
7.21
7.31
8.84
4.89
3.95
3.32
4.69
7.2
5.45
5.28
3.84
4.24
4.34
6.1
6.68
2.61
7.78
4.34
3.36
1.33
5.65
9.64
3.76
7.09
5.53
7.82
5.12
2.15
1.45
6.23
5.8
7.77
7.66
6.69
2.94
9.32
3.09
1.18
1.64
4.23
6.5
8.36
9.18
5.25
9.73
1.31
8.64
4.48
8.09
8.92
4.73
7.93
7.8
1.0
3.85
6.88
8.6
5.93
3.54
4.0
8.55
4.54
5.64
7.77
6.37
9.15
9.21
7.05
3.18
9.35
5.53
9.47
7.46
5.16
7.23
3.84
7.95
3.9
9.52
3.93
5.12
2.6
1.42
5.16
2.42
2.92
5.18
2.71
9.36
2.88
8.03
8.44
7.83
1.62
6.84
8.73
8.76
7.35
5.55
9.49
8.51
8.33
7.2
8.69
5.47
7.94
3.56
6.71
3.64
6.96
9.15
5.62
4.13
2.38
4.44
3.19
2.74
8.99
6.11
7.13
5.37
3.61
6.58
3.79
3.71
8.61
7.64
7.93
8.56
1.95
3.96
7.66
5.34
7.07
1.69
3.57
3.6
8.6
8.0
9.04
7.24
1.9
3.57
6.3
7.08
4.18
5.58
4.84
1.81
8.47
7.74
6.54
5.81
4.7
7.3
1.79
7.11
8.04
1.35
3.11
6.28
6.79
8.22
8.14
3.56
8.9
6.52
8.37
4.37
5.78
2.65
7.17
5.95
2.09
9.36
2.46
4.77
5.43
4.85
3.49
3.61
3.82
7.93
1.59
9.71
9.57
7.86
7.33
4.84
6.08
5.22
7.89
6.02
1.7
3.12
4.08
7.71
2.95
6.75
4.38
8.15
4.55
2.1
3.18
1.64
8.63
1.74
7.19
8.09
2.23
2.87
4.02
7.31
4.7
6.33
8.72
5.21
7.93
5.43
9.19
2.74
9.21
3.34
4.58
7.94
7.15
1.82
1.15
4.58
5.37
7.45
4.24
8.44
5.57
6.21
8.86
5.93
5.67
8.5
5.56
5.94
3.07
1.07
4.59
7.48
6.1
7.51
9.98
7.97
3.26
5.23
4.59
6.59
2.97
1.78
5.76
1.21
6.17
1.46
9.07
5.8
9.54
6.61
4.84
8.0
8.44
7.5
3.98
6.23
9.08
4.28
5.93
9.75
5.41
5.52
1.67
3.31
1.03
4.39
7.84
3.68
1.09
3.82
7.68
3.15
8.9
5.02
9.0
8.2
5.69
4.09
8.69
3.08
1.99
2.36
2.23
8.38
6.25
7.73
3.46
1.38
9.46
4.64
7.26
4.1
1.63
2.25
4.25
9.05
2.54
6.4
8.06
3.88
3.13
9.74
6.89
5.31
5.56
5.04
8.45
1.45
5.64
7.52
2.44
5.72
5.36
5.64
8.49
6.0
8.84
4.51
6.23
4.81
7.24
6.55
6.84
6.75
4.77
2.51
1.77
8.93
6.27
5.22
9.49
9.54
1.03
9.53
1.94
6.76
4.22
7.25
6.99
6.96
7.59
3.08
6.27
9.48
6.4
7.62
9.67
1.12
8.12
4.3
9.97
1.28
5.65
5.42
2.85
8.59
9.76
1.62
3.96
6.98
1.42
8.54
4.62
9.74
9.72
8.84
2.46
3.44
9.4
2.81
5.82
5.68
2.78
8.53
6.96
2.35
1.62
8.87
7.27
7.58
8.58
8.83
1.23
1.9
9.95
5.16
9.24
2.77
2.12
6.31
3.13
7.48
5.92
3.85
6.49
4.69
9.92
9.94
5.58
3.14
5.44
9.41
6.56
3.71
6.43
9.18
8.88
3.96
1.98
2.93
1.67
3.38
9.51
1.8
4.54
7.75
9.33
6.06
9.08
7.27
5.69
1.82
7.92
3.55
3.46
9.04
2.18
2.84
5.7
8.09
8.38
8.75
1.24
9.48
4.65
4.53
3.39
7.13
6.35
7.16
8.48
1.29
8.33
8.58
2.48
9.62
4.12
8.65
9.94
3.16
2.8
5.97
8.32
3.21
5.34
1.13
3.24
7.66
6.47
5.69
6.04
8.96
6.34
4.19
2.34
4.1
5.33
9.78
2.76
1.78
9.58
9.01
4.85
4.7
1.8
3.86
6.2
7.49
9.36
5.6
5.93
4.83
4.13
9.89
2.0
7.95
7.59
1.22
8.33
4.81
7.6
7.05
3.92
5.13
5.1
8.38
8.59
8.59
8.39
1.46
1.45
9.9
2.62
5.77
3.89
8.72
4.39
5.45
1.71
4.78
2.94
4.85
7.62
3.87
2.35
9.38
1.75
7.68
3.3
7.56
4.28
7.89
6.0
8.98
8.8
4.99
4.51
9.66
2.88
4.83
1.42
3.17
3.66
8.74
7.18
1.97
5.23
7.78
2.92
8.23
4.02
8.37
2.51
7.54
1.07
7.11
4.4
3.23
2.28
9.19
4.72
2.1
2.3
3.1
1.13
6.6
9.13
4.45
3.56
4.88
2.48
9.12
7.59
1.31
6.06
5.72
9.74
8.2
9.18
8.76
2.7
3.56
7.33
4.51
7.72
1.57
3.82
7.64
3.4
9.22
4.76
6.81
6.29
9.74
5.92
5.12
9.31
7.79
1.58
4.79
3.8
5.77
2.17
9.12
4.09
5.06
6.27
6.69
4.44
1.53
7.25
3.31
7.58
5.19
9.34
8.39
7.58
2.26
3.29
4.86
3.79
1.72
1.19
2.21
9.46
7.47
8.84
7.0
8.61
8.56
4.35
3.23
1.87
4.94
9.65
2.46
1.34
2.92
8.01
3.56
3.35
2.4
9.76
2.83
9.6
8.6
9.45
9.62
4.43
7.7
1.63
4.05
1.33
3.28
4.44
4.99
7.87
9.56
4.2
2.97
8.13
8.43
6.31
5.5
2.26
2.44
7.01
1.04
4.86
7.96
4.18
2.48
2.48
7.04
8.85
5.0
9.61
2.51
4.61
7.72
7.33
9.76
2.0
5.93
5.61
6.98
2.03
5.19
5.47
9.49
4.95
8.63
8.52
7.15
9.83
5.33
9.97
9.81
7.39
6.9
2.9
9.03
2.31
1.95
2.49
8.77
9.3
3.12
1.14
9.4
8.78
6.05
5.0
9.21
5.52
5.53
5.72
3.49
1.32
9.49
7.52
9.38
1.56
8.08
6.37
7.4
6.81
5.48
1.29
7.05
7.98
2.57
2.93
4.32
8.15
8.87
7.42
9.79
9.78
7.79
2.73
6.72
8.65
4.33
3.39
3.0
3.21
5.21
2.45
6.69
3.87
2.3
3.67
1.13
8.48
2.01
3.35
9.18
1.96
8.51
2.54
1.17
6.43
7.06
5.05
2.19
5.12
2.46
7.17
4.04
7.78
6.22
5.71
8.92
1.38
9.7
4.74
2.43
3.93
5.45
2.71
6.54
1.67
8.87
8.93
8.0
7.27
5.87
3.91
2.41
3.93
2.23
9.84
7.02
8.19
6.77
1.38
9.11
5.52
4.91
5.78
2.75
4.77
6.06
9.92
6.68
2.03
1.91
1.75
5.62
2.09
9.2
3.06
9.28
2.7
3.21
9.08
1.42
4.77
3.21
5.27
7.28
8.99
1.25
8.4
9.27
1.06
3.06
1.46
2.94
2.03
4.7
5.71
2.9
2.44
1.87
3.77
6.05
4.4
4.81
4.7
1.65
5.33
1.21
5.9
6.97
1.38
2.04
2.59
9.09
2.04
9.89
3.35
2.22
9.36
9.48
9.0
1.08
7.78
4.92
2.38
6.53
4.96
2.61
9.11
3.03
3.77
8.79
6.65
4.82
1.67
8.69
4.0
8.77
2.01
9.67
3.48
2.18
4.62
4.48
9.58
9.47
3.95
1.57
9.86
3.52
1.52
5.17
2.52
1.91
4.2
2.59
2.91
1.91
2.3
9.23
4.36
4.12
6.31
6.13
1.57
8.01
9.28
8.29
9.96
4.09
2.51
9.26
1.61
2.74
5.45
4.47
7.24
1.33
6.01
9.45
2.2
6.01
1.13
6.65
2.51
8.08
1.65
4.42
1.5
8.52
7.8
6.81
5.04
2.37
1.11
4.07
7.13
2.76
3.07
3.64
3.19
2.4
4.03
4.68
3.57
6.9
6.28
9.82
1.65
4.19
5.28
7.01
6.75
8.22
2.59
7.21
2.31
4.38
9.46
3.68
7.82
8.12
4.66
2.89
2.64
9.68
3.26
7.0
5.78
7.33
7.72
3.01
8.78
1.1
9.64
6.54
9.49
6.3
5.5
6.43
9.03
3.56
3.11
2.07
2.04
9.63
1.49
1.2
2.8
1.46
8.94
7.65
4.5
1.01
2.31
2.51
5.44
8.07
9.91
7.39
5.6
8.53
3.66
3.81
2.42
9.81
9.08
4.14
3.32
4.83
8.41
2.54
8.94
5.58
3.91
4.5
7.8
1.61
7.81
3.81
1.61
3.88
1.84
2.77
6.04
8.12
9.15
7.9
3.53
1.5
4.96
9.8
4.61
1.94
5.75
4.21
3.31
7.36
2.14
7.4
6.4
4.77
9.66
1.3
2.42
3.14
3.2
9.75
4.32
7.29
5.0
5.59
5.39
3.09
8.42
6.53
8.13
9.17
5.85
1.16
4.07
8.75
8.46
3.28
7.26
9.19
1.34
9.91
6.36
1.64
7.02
8.1
7.58
9.05
1.98
4.11
5.37
5.67
1.84
3.06
6.35
4.87
7.7
8.21
7.65
4.55
8.75
2.27
7.29
9.92
9.74
4.12
7.88
9.01
2.25
4.8
5.31
1.7
9.17
4.53
9.55
5.39
7.57
5.88
6.15
2.46
5.69
7.32
6.6
7.15
2.59
5.17
5.44
6.32
2.55
7.84
9.24
1.58
5.51
2.44
4.11
6.48
1.11
9.76
1.03
2.7
7.32
3.34
8.52
9.42
3.43
9.74
9.91
2.93
5.26
3.62
6.45
6.81
8.88
1.59
3.8
4.23
3.15
8.72
6.48
5.29
2.1
2.96
7.15
1.7
7.62
3.28
1.54
3.77
2.44
3.97
5.83
3.75
5.95
8.68
3.3
7.94
9.55
3.74
6.54
4.09
8.19
9.6
9.58
9.33
6.3
1.9
5.71
5.86
5.5
4.69
2.12
5.11
3.58
6.21
1.7
7.61
1.44
3.31
4.83
3.22
6.92
5.42
1.39
4.1
3.46
8.26
7.26
6.58
4.18
6.27
7.21
1.06
5.83
5.86
7.75
4.94
4.11
3.76
4.74
7.74
5.65
9.38
8.77
4.08
5.7
1.01
5.88
7.0
8.15
9.5
1.5
5.67
6.39
9.74
2.17
5.9
6.87
5.2
8.03
8.06
8.65
1.65
8.6
1.53
3.24
1.98
6.73
2.89
7.17
6.96
9.76
7.05
8.77
3.68
1.09
6.3
3.13
8.47
9.2
5.75
9.32
4.3
4.8
7.76
1.71
5.18
6.0
8.22
7.71
5.99
1.39
8.17
4.45
7.37
1.46
5.92
7.78
7.27
2.0
4.66
5.81
3.18
9.22
6.22
5.74
3.43
9.54
4.54
2.53
7.78
3.88
8.86
7.14
9.69
8.14
4.8
7.44
7.11
1.64
7.57
8.75
5.77
4.72
9.12
6.45
9.68
9.79
1.36
9.49
1.03
7.62
9.16
6.12
9.28
3.06
3.28
2.39
3.58
3.54
3.17
2.53
5.57
1.36
7.7
7.5
8.36
7.71
2.63
3.41
6.58
9.07
6.17
4.61
4.47
5.56
3.39
4.12
9.85
4.09
3.53
2.26
8.26
2.03
3.22
3.46
6.58
9.73
1.38
5.85
7.23
7.59
9.23
1.85
8.28
9.95
9.52
3.04
1.19
1.57
8.76
1.78
7.01
5.49
6.32
6.66
3.53
6.62
1.88
8.36
9.55
1.07
7.86
8.65
4.59
8.45
9.24
4.61
3.41
5.45
9.46
5.1
3.32
5.57
8.41
9.81
9.42
2.25
1.57
4.64
9.93
2.03
9.11
5.68
4.88
1.66
1.55
4.52
5.96
3.14
1.59
6.44
7.25
4.06
4.57
4.42
2.17
6.5
5.13
8.56
1.26
2.29
3.35
2.37
2.88
9.24
7.83
4.72
9.33
1.25
7.9
8.95
9.39
9.33
9.08
5.32
1.82
9.73
9.79
9.94
5.26
5.66
3.76
6.52
8.52
7.17
8.91
4.34
6.81
2.54
8.28
9.81
4.34
3.13
7.4
7.42
4.09
2.76
2.81
7.02
9.82
7.88
1.15
9.96
4.85
1.67
9.5
6.29
3.19
3.95
7.52
9.24
6.1
1.71
7.81
6.2
7.95
8.67
2.64
8.45
2.61
8.97
6.25
5.17
7.92
2.25
5.67
8.5
4.58
8.82
4.18
6.46
7.38
2.26
6.29
1.49
2.21
9.04
3.75
4.58
7.23
9.88
4.26
5.18
3.23
8.25
1.7
3.82
5.34
1.83
3.1
8.1
3.07
8.38
9.32
1.2
9.98
7.45
4.07
1.71
1.53
6.36
5.19
1.65
7.33
5.07
3.85
5.69
6.65
1.95
8.35
2.48
3.61
1.63
6.68
8.92
4.31
3.96
6.31
5.44
3.06
7.04
4.3
3.47
7.43
7.8
3.18
9.55
4.88
7.44
4.0
9.93
7.45
7.63
8.38
7.51
6.93
3.72
1.12
3.65
5.42
9.62
2.58
9.16
7.18
2.2
9.77
6.32
2.99
9.77
7.17
8.84
2.52
2.12
4.85
9.63
8.81
5.19
9.99
4.25
8.47
7.34
9.99
5.9
2.17
1.56
8.11
7.13
2.18
7.17
5.44
2.27
8.97
5.07
5.97
4.09
2.54
7.63
4.35
6.11
7.68
6.4
5.74
2.46
7.98
4.01
2.26
5.46
9.16
2.75
3.74
2.43
5.41
1.12
8.2
8.22
2.87
4.27
5.09
1.79
4.9
2.26
4.4
6.26
4.68
1.12
8.19
7.67
2.58
4.32
5.0
3.81
3.48
2.28
5.25
6.87
1.56
7.94
3.5
7.99
4.35
2.89
5.09
9.63
1.96
7.71
1.6
7.25
4.95
9.63
5.36
9.88
3.3
3.04
7.56
5.96
9.27
4.56
7.03
3.8
8.11
7.41
6.09
9.96
4.96
7.29
1.16
8.66
3.63
1.36
6.9
6.61
7.42
4.87
2.65
6.1
1.7
3.18
1.41
7.96
4.55
7.48
2.97
4.75
7.52
8.4
8.12
4.95
6.95
2.27
4.39
3.11
2.24
6.94
9.3
1.87
7.4
9.48
3.72
3.91
5.59
7.41
5.13
4.38
5.35