20038
Algoritmos y programas
6.93
5.79
4.09
2.06
1.03
9.12
2.64
6.03
3.21
3.48
9.34
7.6
7.93
6.67
2.22
9.42
5.36
5.52
1.86
7.97
2.3
6.25
3.09
5.27
7.78
2.99
5.17
4.62
5.43
9.17
1.75
8.48
6.57
2.15
1.93
1.09
8.34
5.6
2.89
7.22
6.05
6.85
3.73
8.05
1.34
9.9
1.06
7.21
6.16
1.72
8.21
7.34
7.15
9.19
8.67
7.6
1.56
6.47
5.38
4.23
2.13
7.92
1.81
6.11
3.34
3.72
5.22
1.01
5.05
5.6
3.8
6.43
3.95
4.7
1.49
4.79
3.94
3.25
7.35
2.03
9.32
9.97
1.36
7.52
1.92
5.62
7.86
9.32
1.21
3.6
7.15
1.94
6.5
4.52
8.16
4.66
1.92
2.2
9.93
5.69
7.55
2.71
1.8
5.57
2.43
7.75
3.38
5.79
3.43
5.34
1.93
2.03
7.34
3.67
2.67
1.45
2.17
8.78
1.67
1.3
6.64
4.52
6.21
2.8
8.92
3.99
3.92
2.89
7.52
2.11
7.32
6.63
6.41
2.52
4.14
3.6
8.91
5.35
3.18
9.77
6.83
6.17
4.25
5.76
6.51
6.88
6.33
7.58
3.53
4.33
2.08
5.09
3.87
3.83
9.15
8.4
3.77
1.13
6.99
9.98
7.45
4.0
1.11
2.67
5.65
3.07
9.84
8.15
5.11
3.11
9.91
9.8
1.5
8.31
2.25
7.45
9.16
7.0
7.23
9.77
2.32
8.58
1.13
8.4
2.62
9.04
3.85
8.46
7.85
9.37
5.15
1.58
6.5
9.99
2.01
1.18
9.25
3.38
3.99
8.8
9.39
2.6
6.98
2.48
9.86
3.37
3.09
1.7
5.44
2.77
3.75
2.06
1.93
8.02
5.52
4.12
7.48
2.55
6.89
2.63
6.13
4.11
4.23
7.43
8.34
7.29
1.62
3.17
1.88
8.18
8.03
3.46
7.63
9.83
7.31
7.5
5.77
1.13
6.59
9.3
5.38
1.04
9.43
2.06
8.15
9.67
1.16
8.4
4.02
8.58
7.42
6.7
3.99
7.84
5.28
9.72
2.86
2.14
6.0
4.08
6.76
8.13
4.9
7.64
4.13
9.63
3.4
3.21
6.76
8.46
9.58
1.61
2.37
9.87
1.15
5.75
1.34
7.56
5.96
7.31
4.46
6.64
9.4
9.03
2.58
6.76
4.8
3.03
4.14
2.78
5.77
7.75
5.43
4.67
1.01
5.71
1.22
1.86
1.72
6.33
1.9
2.78
7.14
7.17
4.91
3.8
5.98
2.37
6.99
3.56
7.93
2.88
9.58
8.13
3.13
8.51
9.94
9.67
2.04
2.15
6.88
8.19
5.56
1.64
5.7
3.52
6.44
3.63
2.04
7.4
2.39
6.66
3.58
9.86
9.54
6.67
2.47
1.19
6.14
5.34
1.09
4.35
6.76
8.01
5.2
3.41
2.44
2.76
7.69
7.12
7.56
8.35
3.52
9.01
2.99
8.98
2.65
3.01
6.38
6.79
1.46
3.82
8.56
9.87
7.48
6.05
4.16
8.67
6.18
1.92
6.91
5.73
7.27
6.06
7.5
9.03
1.72
3.29
7.46
4.32
9.4
1.41
7.66
6.74
2.82
9.48
1.78
9.36
2.11
7.45
8.46
2.68
3.64
2.58
9.75
8.34
5.85
3.44
6.3
2.42
6.66
9.03
9.56
2.78
5.97
2.07
4.78
4.82
9.05
2.95
8.8
5.91
3.31
3.52
8.57
3.2
9.28
8.86
2.17
2.9
9.11
5.88
5.36
8.87
3.98
1.75
6.06
9.58
2.72
7.03
1.56
1.52
7.73
9.73
5.52
1.45
8.95
1.35
2.46
3.37
4.21
6.36
2.62
8.72
7.82
9.22
2.3
2.88
1.93
6.43
7.41
4.76
3.53
6.85
3.84
8.44
2.2
8.49
9.06
5.13
9.81
2.0
1.17
6.13
3.37
9.19
5.98
8.31
7.92
5.12
5.56
2.31
1.21
1.06
4.22
6.21
8.7
2.04
9.56
8.43
3.51
8.24
2.6
7.44
9.59
8.63
8.81
7.64
3.03
1.05
7.71
2.46
2.55
6.5
3.03
4.31
9.0
6.25
6.71
9.45
2.91
3.32
1.79
6.0
1.61
4.38
7.42
8.6
9.47
4.15
1.26
1.29
8.52
9.98
3.14
7.11
2.88
7.71
6.48
9.34
8.53
7.19
3.53
1.04
5.83
7.41
9.77
3.16
6.06
2.25
4.79
7.45
1.5
8.88
7.8
6.74
6.53
7.88
1.87
6.21
6.85
3.22
5.75
7.16
1.76
5.36
2.2
9.05
4.56
4.14
9.91
1.71
8.49
8.94
8.36
6.53
9.91
5.41
5.01
6.45
4.99
3.03
7.12
5.15
6.7
2.58
9.1
8.04
9.9
4.74
8.86
6.01
5.42
9.58
2.9
9.01
2.73
8.53
1.78
1.33
8.32
9.32
1.98
2.7
5.9
2.49
7.1
7.15
1.55
2.37
8.84
4.15
8.88
9.6
2.82
8.86
9.36
1.27
6.6
3.23
4.37
7.45
9.55
5.46
2.28
3.86
6.63
2.75
8.35
8.4
5.57
5.7
2.35
5.29
2.46
5.15
2.04
2.56
9.49
6.8
1.03
3.8
8.88
7.51
3.35
4.12
7.73
2.94
4.39
5.95
7.41
7.16
6.09
2.44
3.7
9.2
1.7
3.01
1.81
7.27
9.37
6.22
5.32
9.32
9.49
8.94
5.79
7.16
9.84
1.41
1.82
7.5
5.69
3.58
9.97
7.39
6.46
9.42
7.87
5.67
9.42
8.14
9.43
4.11
4.57
2.28
6.28
7.93
4.52
1.9
7.47
2.59
9.97
6.76
5.34
6.47
7.05
7.67
8.2
4.02
2.32
5.08
7.93
1.88
9.5
2.19
9.89
3.61
6.63
6.41
3.14
6.58
7.9
9.79
5.38
6.6
3.13
9.22
9.3
8.75
3.41
8.05
9.56
2.6
2.4
5.55
2.96
8.69
5.15
2.22
3.16
1.43
8.03
9.83
5.08
7.38
4.21
9.1
1.7
1.4
1.28
2.85
7.69
1.68
7.11
1.89
8.17
6.42
5.68
7.66
8.23
3.85
3.15
2.21
7.98
1.5
9.64
8.07
2.69
7.24
6.73
2.5
2.95
9.31
2.15
1.57
6.4
7.61
8.38
6.88
3.34
1.69
6.91
6.35
8.08
1.98
2.45
8.47
4.57
7.54
6.09
6.77
7.74
6.83
9.22
1.75
6.83
2.24
9.99
6.52
6.94
4.23
4.36
7.46
1.34
6.3
7.3
6.25
8.6
4.25
4.47
2.85
7.53
6.31
8.03
1.87
8.3
6.36
5.43
9.31
1.95
4.54
3.44
7.62
2.57
6.83
8.88
1.85
2.41
8.69
6.42
8.09
6.41
1.9
2.86
8.54
9.76
8.44
5.45
4.14
3.46
2.35
9.21
1.78
6.31
4.66
6.42
1.21
2.28
7.54
2.08
1.94
3.76
5.57
3.3
3.97
9.63
1.27
3.52
1.27
9.44
2.05
4.53
4.27
4.89
7.36
7.6
8.53
7.35
1.49
6.17
6.22
4.44
7.46
8.95
6.58
5.55
2.76
3.14
8.12
1.23
2.04
7.12
5.71
1.27
3.41
6.47
9.53
3.15
5.06
1.66
7.72
4.64
5.68
1.61
7.46
8.81
1.84
2.53
8.27
7.6
4.45
6.68
9.98
8.45
1.01
8.1
2.12
2.16
6.27
6.47
6.97
6.93
6.42
6.2
7.12
8.07
6.83
2.95
6.22
2.1
6.78
5.65
7.99
9.2
4.9
4.85
1.17
2.32
4.14
3.35
9.18
8.87
2.55
7.45
5.25
9.08
3.41
8.52
8.1
3.81
7.23
5.93
9.04
4.67
7.42
6.7
5.59
8.01
4.55
3.71
2.88
7.21
5.45
5.13
9.63
5.09
6.9
1.2
4.47
3.56
9.07
1.05
5.51
1.28
1.21
5.95
6.05
7.22
9.65
1.35
9.57
1.17
4.09
7.06
4.4
8.19
7.33
5.52
4.31
5.86
4.01
5.12
7.27
3.84
5.85
5.33
9.18
2.2
9.78
5.36
3.51
1.65
7.23
7.82
5.03
1.18
5.38
2.22
3.37
2.64
6.75
5.61
3.85
9.8
5.52
8.43
9.03
5.76
7.5
3.21
4.34
7.92
6.53
9.12
4.58
7.54
4.03
4.71
7.91
2.25
3.14
2.83
7.29
3.33
2.06
2.34
6.03
1.06
2.42
7.96
2.54
9.26
8.62
6.14
5.83
4.39
7.52
7.16
3.82
3.9
1.21
9.53
2.05
2.02
7.99
9.78
1.62
7.44
6.95
5.62
1.49
4.49
8.69
2.35
8.54
9.93
4.22
7.97
2.33
2.55
2.14
9.81
1.89
2.99
8.56
6.66
6.7
6.36
2.79
8.81
8.14
4.97
4.75
3.68
3.55
2.99
7.78
9.16
3.46
6.94
1.98
4.73
5.83
7.27
5.1
2.74
6.25
2.28
5.9
7.74
7.76
9.88
7.24
3.93
4.62
6.18
7.45
4.39
1.61
6.82
5.64
9.72
1.89
2.95
5.78
6.22
7.22
7.47
9.12
3.87
3.37
3.11
7.07
6.95
9.72
9.32
8.74
6.43
1.54
2.49
4.79
7.37
4.72
3.92
7.48
2.46
8.16
1.01
5.52
9.39
2.79
3.23
8.47
5.95
3.15
2.49
7.95
1.9
5.44
9.69
7.4
1.61
3.88
5.22
4.11
6.52
3.23
4.5
6.97
1.59
2.61
2.53
8.4
2.24
7.56
9.07
9.24
2.38
2.95
5.74
4.29
4.01
7.8
4.89
4.79
7.44
4.53
3.9
7.52
2.7
3.82
4.18
8.84
3.25
7.93
8.22
4.19
8.39
7.09
1.13
2.09
5.07
2.45
6.14
3.87
8.9
9.86
8.76
2.9
5.24
9.1
4.32
2.79
5.96
9.48
2.49
7.55
8.76
9.28
1.35
4.85
3.32
5.49
4.49
9.86
5.36
9.53
3.54
6.88
7.9
1.14
5.87
2.58
3.47
3.4
9.61
3.76
7.87
1.78
8.13
2.67
2.02
2.9
2.26
5.99
8.45
1.53
8.06
1.87
6.43
6.96
7.04
1.05
3.57
1.6
3.68
3.66
7.07
1.84
8.38
1.85
5.23
1.62
1.25
5.88
7.76
7.15
3.39
4.56
1.81
8.69
9.45
2.41
4.56
2.35
9.32
2.58
7.52
6.37
2.9
2.22
3.6
9.27
1.09
1.62
8.16
6.57
8.73
7.6
3.87
4.42
1.98
9.07
4.63
2.75
8.61
1.56
8.42
8.11
6.87
5.18
5.6
3.5
3.0
4.12
4.71
3.88
7.02
1.74
6.31
6.52
1.74
8.04
5.64
6.05
1.82
9.42
5.81
5.36
5.98
4.93
2.96
4.41
1.69
7.06
9.84
1.86
7.76
3.04
6.84
6.22
6.42
6.27
2.98
6.86
3.14
6.76
7.74
5.24
5.75
8.47
5.53
5.8
8.87
3.96
5.14
1.2
5.46
2.27
8.65
7.22
7.13
3.25
7.95
1.52
5.87
5.92
8.07
9.57
2.43
5.92
2.92
7.39
8.94
1.59
5.81
4.58
6.28
6.5
9.31
8.6
5.9
5.17
2.68
4.62
9.08
1.45
9.33
4.26
1.85
5.59
6.09
3.22
9.3
2.38
2.33
4.17
9.28
5.14
2.45
7.81
2.16
6.82
8.95
9.4
1.8
9.08
4.5
9.39
5.0
7.83
8.09
6.18
7.79
8.21
5.37
6.32
3.61
7.34
3.06
8.31
2.06
9.82
2.4
9.86
8.4
3.48
5.6
6.06
4.64
3.5
6.3
1.58
6.74
1.08
1.8
9.52
3.02
8.69
2.23
4.4
9.45
3.64
8.13
2.34
4.18
3.64
9.65
8.74
5.62
2.46
3.81
8.3
7.04
7.75
9.65
1.71
7.29
8.02
4.35
8.86
3.58
8.0
4.04
1.67
9.35
4.01
1.86
7.39
8.14
1.44
2.82
8.7
9.79
1.1
3.75
4.98
5.82
1.64
3.72
6.84
1.65
1.13
6.44
4.08
9.56
2.08
6.05
7.56
9.43
8.89
8.8
6.65
4.71
5.02
9.86
4.12
1.05
9.2
9.84
9.75
9.52
2.71
2.47
7.27
5.56
5.3
6.07
3.44
1.28
6.04
1.05
8.61
4.33
7.95
5.65
5.11
1.26
7.77
4.12
1.38
2.69
3.75
4.0
8.37
6.02
2.38
4.61
3.6
2.62
1.21
3.89
4.58
2.5
9.05
4.76
9.58
5.43
5.53
7.06
4.34
9.09
5.52
6.68
4.19
3.24
1.83
9.34
2.37
6.11
4.36
1.12
2.1
3.34
9.55
1.49
2.59
3.32
4.45
2.0
4.76
3.13
9.12
2.85
5.05
7.12
6.27
4.9
7.17
7.56
8.11
3.77
7.82
5.4
4.1
4.72
1.52
6.23
7.2
7.22
6.93
2.92
6.29
1.16
2.51
5.93
6.61
9.89
1.29
1.32
6.45
6.02
6.55
6.22
6.17
3.65
2.36
3.34
6.94
4.26
9.15
6.61
6.86
1.17
2.48
5.06
5.8
1.09
5.2
5.41
7.14
7.44
8.84
8.22
9.9
3.47
2.33
6.65
3.25
8.8
5.11
7.98
3.86
1.14
4.02
5.78
9.74
9.44
7.23
3.02
9.85
4.78
4.59
2.51
4.64
9.55
1.25
1.01
2.38
8.94
9.29
3.21
1.4
5.76
8.59
5.29
5.13
3.09
6.75
2.09
4.22
1.62
9.2
9.43
1.9
9.22
6.4
2.12
2.8
5.7
8.94
1.09
5.86
5.54
4.73
6.65
6.21
4.84
1.9
1.81
1.58
5.37
1.39
3.45
3.47
7.54
3.37
9.51
9.69
7.8
1.84
6.35
6.93
8.18
7.05
7.8
1.87
8.03
7.24
8.76
4.37
5.49
8.02
4.64
2.92
3.25
1.14
7.02
2.76
4.2
5.82
1.65
7.25
3.44
1.66
2.76
6.03
2.39
1.84
8.91
7.86
4.03
3.37
9.53
9.34
1.96
9.83
7.95
8.04
9.72
1.98
6.22
9.26
5.09
9.96
4.08
1.05
7.76
6.2
5.78
4.73
8.55
6.88
5.26
5.97
6.47
8.5
3.54
8.39
1.65
8.59
6.52
7.22
5.31
3.66
8.23
8.72
5.53
8.15
4.74
4.72
4.36
6.0
8.22
2.51
6.01
9.29
6.96
6.9
7.28
3.48
6.92
7.84
2.97
8.23
8.28
1.89
4.1
8.01
3.08
6.66
7.01
4.62
5.66
6.12
1.1
2.82
8.64
4.9
2.45
8.93
2.75
2.23
6.66
9.17
5.53
7.58
7.37
9.67
6.03
8.54
7.19
8.22
1.94
3.91
5.72
3.18
4.65
5.44
8.91
7.13
5.38
6.9
8.01
4.77
6.95
1.52
7.03
3.76
6.16
4.24
5.63
9.56
4.9
9.14
5.41
9.59
8.51
6.16
2.31
9.43
3.51
8.53
1.87
6.0
5.77
3.98
3.21
3.24
3.19
8.5
9.6
2.73
2.03
4.98
3.79
6.56
8.39
2.36
8.47
6.07
5.49
8.6
3.29
3.08
9.39
6.21
1.25
7.94
8.01
9.56
7.33
1.56
9.35
2.13
6.46
3.39
9.43
3.4
6.19
5.54
2.85
4.68
7.07
7.82
4.72
3.97
4.71
9.53
2.12
6.2
9.8
2.42
5.11
3.29
8.54
7.16
5.27
4.26
9.53
6.99
8.59
8.81
3.18
8.03
5.93
3.7
2.11
7.58
4.19
5.04
6.9
2.89
6.08
3.46
4.16
7.84
3.28
4.57
6.15
4.21
4.98
4.39
9.09
9.44
8.4
7.3
5.79
8.9
2.28
7.89
7.37
5.07
9.09
9.84
9.66
5.95
9.07
7.73
8.11
4.32
3.17
5.86
1.84
7.59
7.92
6.45
4.13
2.63
5.47
6.89
7.96
5.85
5.94
9.05
5.54
8.57
5.44
3.15
7.29
4.8
3.93
6.56
1.3
8.57
6.58
5.36
3.53
3.13
4.22
3.34
1.49
2.55
2.02
4.18
1.13
6.63
6.11
7.62
3.96
7.24
1.84
2.73
3.69
4.53
5.59
1.57
4.04
2.45
9.26
1.25
4.7
4.08
4.55
7.72
9.68
1.82
1.53
3.61
6.56
8.89
4.11
1.4
7.18
2.5
9.25
1.26
4.12
2.02
9.91
8.36
2.79
9.35
9.91
7.11
7.96
2.32
2.95
3.51
6.04
4.4
9.23
6.55
4.43
6.83
6.07
3.73
6.31
6.69
4.34
3.12
9.1
3.76
3.41
6.36
7.32
8.47
7.52
8.58
5.17
6.59
3.8
4.75
4.52
1.48
2.68
3.57
7.95
7.82
6.62
9.65
1.66
7.35
4.69
4.16
9.6
9.57
2.67
5.8
5.15
5.78
7.39
9.36
6.02
9.28
5.63
1.14
7.62
4.76
8.33
3.09
4.14
5.36
5.86
3.14
7.56
8.67
4.34
2.84
7.15
8.48
3.48
4.06
5.51
9.89
4.19
1.04
8.89
4.42
5.88
6.96
6.27
2.84
4.37
9.96
7.88
6.79
7.2
3.01
2.46
5.87
2.71
6.26
8.8
9.29
4.97
3.54
6.92
9.1
5.0
7.65
7.32
5.55
2.32
9.53
2.76
7.56
3.61
8.6
4.2
2.26
7.56
6.65
4.58
6.14
1.69
9.12
2.59
4.3
7.65
6.46
9.69
5.42
5.62
3.27
8.45
1.03
4.86
9.42
4.06
7.67
9.44
7.83
7.75
4.04
5.63
3.14
1.99
7.23
8.92
1.73
9.87
5.33
1.44
5.98
6.74
7.37
4.77
8.36
8.62
2.58
3.21
2.71
6.0
8.35
4.82
2.14
9.12
8.65
2.32
1.2
1.82
3.99
3.7
2.36
3.01
4.25
2.81
9.8
2.64
7.02
5.05
7.66
9.69
2.22
7.05
6.72
5.52
4.29
2.9
1.11
6.78
8.21
5.1
8.89
3.11
8.35
2.01
1.81
6.31
5.36
9.51
1.31
7.52
2.58
8.17
5.56
2.6
1.46
3.55
6.6
5.62
7.09
3.85
3.37
9.95
7.19
3.98
7.74
6.41
2.98
7.53
1.7
6.17
9.29
5.52
9.39
2.36
5.33
2.35
2.18
4.53
1.28
7.14
2.22
5.26
2.23
5.81
6.8
3.96
4.43
2.91
8.22
7.72
3.42
1.49
8.9
8.33
7.94
7.08
6.2
4.22
9.68
7.91
4.93
9.38
4.13
9.87
8.47
7.56
7.81
7.23
2.3
6.1
5.55
9.31
7.57
4.98
3.4
2.99
5.63
2.58
3.11
4.27
5.71
2.83
1.89
1.87
5.37
4.21
3.96
7.11
3.76
1.12
7.24
1.08
4.05
6.41
3.91
5.76
4.3
9.38
7.44
8.07
6.29
3.43
1.81
7.77
9.26
2.29
4.29
3.89
7.93
7.9
2.37
3.94
3.9
1.64
5.7
2.54
2.1
6.14
7.26
2.02
8.07
9.92
5.44
3.82
6.41
1.11
9.04
8.89
3.76
8.43
5.61
9.21
7.24
1.45
4.36
3.08
7.63
6.12
6.42
8.71
6.03
9.33
1.1
3.99
9.76
9.37
4.63
3.49
2.25
3.35
6.75
7.81
8.47
7.73
9.59
8.35
2.33
2.59
7.69
6.44
9.98
1.18
2.29
2.27
2.51
6.9
5.6
7.16
9.98
2.38
4.94
5.89
6.05
3.14
9.27
1.25
7.93
3.47
4.35
8.88
6.13
5.6
9.04
9.2
5.3
2.21
9.32
5.51
9.94
6.12
8.16
3.33
7.0
1.15
7.17
3.3
9.64
9.42
9.2
3.1
8.5
8.64
2.46
9.33
8.19
5.26
6.12
7.22
1.61
3.52
7.74
3.89
3.81
3.55
2.06
8.82
2.15
2.81
1.38
6.43
3.92
6.52
8.88
5.55
3.6
1.22
3.7
6.01
4.11
8.67
7.0
7.69
6.93
2.38
5.51
8.89
7.38
1.72
3.26
1.41
4.46
7.83
5.01
4.43
4.13
2.29
3.87
6.69
7.92
7.52
5.61
4.3
2.58
9.98
5.05
4.27
1.38
3.13
1.98
8.13
9.42
7.16
8.61
2.37
6.94
4.28
5.53
3.38
7.76
2.98
8.76
8.38
8.68
1.87
1.82
6.57
8.69
9.95
7.39
6.84
6.55
1.37
2.96
2.59
9.31
4.31
8.26
8.38
2.04
7.61
3.88
1.58
6.47
8.9
3.36
5.15
8.83
6.51
7.35
9.98
5.06
5.33
6.57
4.74
9.06
5.15
7.24
2.85
6.58
3.8
4.48
9.72
8.88
8.64
7.52
3.84
3.94
6.42
2.38
4.44
4.67
6.42
5.86
2.94
7.17
9.7
1.98
9.2
9.39
9.71
6.4
4.99
9.94
9.81
3.52
4.79
7.58
2.23
7.78
2.68
7.25
5.54
6.5
9.02
7.44
6.09
9.19
6.48
4.64
3.64
6.86
1.57
5.26
9.62
6.74
9.95
1.55
2.98
4.63
5.75
4.27
4.33
7.57
7.21
6.33
7.11
9.61
7.44
1.97
6.66
2.26
2.7
8.69
3.94
4.32
8.6
8.2
7.24
6.23
1.18
5.84
8.13
9.18
7.35
3.93
2.59
9.24
2.74
5.29
6.55
9.46
8.94
2.57
4.56
6.79
5.61
3.62
2.83
7.28
5.0
5.13
2.53
2.01
9.46
7.13
6.95
8.27
6.04
5.58
6.53
8.79
7.19
6.96
8.75
3.44
2.14
6.75
8.56
5.49
1.39
1.06
4.29
3.4
4.4
3.49
7.41
8.08
2.53
8.72
7.6
6.66
9.92
6.46
1.07
9.61
9.89
5.89
6.35
5.65
5.47
2.94
9.6
7.74
2.89
8.11
9.93
6.68
3.01
3.55
6.55
4.14
4.16
1.76
7.65
6.43
4.87
5.22
2.6
2.3
1.45
1.84
5.41
4.95
2.91
9.57
4.83
3.11
9.79
7.77
7.6
9.84
3.2
2.52
4.21
9.65
7.06
3.94
6.47
4.23
4.06
5.76
7.99
4.52
6.37
3.0
6.2
9.99
9.85
8.39
6.7
9.75
9.23
6.0
5.88
2.32
4.78
2.81
2.3
4.99
2.53
9.17
9.59
4.87
5.29
1.34
6.31
5.78
1.94
1.82
9.8
1.97
7.26
4.96
1.43
8.62
6.53
1.45
8.52
2.36
6.82
6.8
8.36
6.69
5.42
9.06
6.53
9.97
7.89
9.9
8.28
6.47
2.13
9.52
7.98
7.27
9.76
6.05
8.87
9.61
3.48
8.17
8.4
5.23
3.7
6.59
8.52
2.7
9.79
3.86
9.78
7.93
7.76
9.68
2.64
4.75
1.93
6.4
3.76
3.26
1.58
8.25
2.07
6.2
8.6
1.35
9.34
3.89
8.54
5.13
4.07
2.28
4.45
5.52
6.1
9.34
5.61
8.37
1.83
3.12
4.0
1.02
3.36
9.15
3.56
6.34
9.66
6.39
4.86
6.48
6.44
3.47
6.42
4.15
8.76
2.22
4.46
9.38
7.06
9.15
4.15
3.56
4.37
3.92
4.71
8.35
9.95
4.69
7.4
9.51
1.1
2.32
4.71
1.53
6.62
9.42
6.29
6.04
1.61
5.9
2.49
9.74
6.37
2.57
1.98
8.34
7.47
5.77
7.03
2.05
8.91
5.54
9.41
2.29
6.21
4.26
1.36
7.34
5.38
3.19
6.79
7.2
6.89
2.91
6.16
4.46
5.61
4.94
6.53
5.37
1.13
5.04
9.2
6.22
3.56
6.06
3.22
5.14
5.27
4.55
2.34
4.35
3.32
5.95
1.16
1.42
3.63
1.14
6.04
4.3
7.6
3.39
9.17
1.67
8.54
6.16
2.2
8.03
3.3
9.45
8.63
1.42
2.92
7.4
7.76
4.68
2.19
5.91
4.72
4.08
6.02
5.81
9.97
6.06
7.6
3.74
4.17
5.33
9.0
7.9
6.01
9.82
7.46
6.72
8.08
2.75
8.28
8.38
3.56
6.01
4.17
4.69
2.84
1.13
5.89
8.18
6.52
9.16
4.83
6.78
4.88
8.95
3.65
7.12
7.26
6.02
9.79
1.14
4.42
5.06
7.7
1.96
2.57
2.23
4.39
1.71
1.33
9.06
3.18
8.38
2.97
5.54
1.58
5.25
8.18
9.33
2.54
8.26
2.32
8.62
7.16
8.28
3.62
2.9
5.0
8.01
3.09
1.5
6.62
3.47
2.61
3.44
3.17
1.55
9.25
7.19
9.66
9.28
3.36
3.73
1.14
3.92
7.03
4.87
9.6
8.71
9.12
9.4
1.57
3.01
8.21
8.17
9.72
1.0
3.84
2.01
8.0
6.25
4.67
6.32
1.77
9.52
1.6
3.86
4.04
8.63
6.17
1.91
6.47
6.4
8.54
3.88
4.88
4.25
1.97
6.64
9.69
2.3
5.76
9.58
8.76
4.23
7.47
4.99
6.42
9.21
4.91
5.54
3.77
3.39
9.95
1.38
1.77
1.88
6.42
7.96
8.84
3.48
1.45
2.99
7.7
1.82
4.75
2.16
6.99
7.37
9.77
9.54
5.79
4.53
7.02
4.2
8.23
9.34
4.33
1.14
8.18
7.93
7.27
6.98
4.59
9.01
4.71
3.7
2.21
3.86
5.7
1.92
3.01
5.14
3.84
8.58
7.96
8.87
2.82
3.61
1.76
5.24
3.14
8.01
4.47
4.21
7.39
4.14
1.09
7.69
4.42
7.73
1.33
9.43
7.81
2.85
3.5
4.91
6.55
6.09
8.6
2.12
7.67
8.53
7.74
4.42
2.71
6.26
6.07
1.26
2.32
8.78
5.72
7.44
4.72
6.11
7.29
9.19
5.33
1.82
1.42
4.45
2.19
7.26
6.91
9.61
6.12
2.56
4.53
9.28
8.69
8.79
1.6
4.92
8.74
2.3
1.43
3.15
8.94
1.04
8.82
3.93
3.46
6.32
1.13
7.07
9.09
5.4
4.74
1.22
9.38
9.31
5.58
9.01
9.9
2.85
3.8
9.37
3.35
4.43
1.09
8.91
7.27
2.23
9.84
5.57
5.54
1.64
8.69
7.55
8.91
1.79
6.05
9.1
2.37
2.91
8.63
4.69
8.96
1.19
4.63
4.23
5.82
2.24
9.17
3.98
6.78
6.72
5.41
7.19
7.63
4.35
3.36
6.8
2.67
5.28
7.65
8.64
1.8
6.29
3.42
7.04
4.21
8.13
1.02
8.45
9.0
3.57
4.46
2.15
9.5
3.43
4.78
8.51
3.01
2.33
3.45
2.33
3.56
3.21
3.03
5.76
2.95
5.88
6.04
1.02
7.77
8.49
8.78
3.09
8.71
6.42
3.15
3.8
7.05
4.85
5.86
1.79
2.15
1.14
5.6
8.86
7.71
3.28
4.43
3.52
3.32
1.98
2.95
2.89
5.88
7.74
5.06
5.04
9.9
6.59
2.17
1.41
1.27
6.18
9.05
4.26
2.29
6.8
7.8
5.36
6.42
5.54
9.72
4.49
3.48
6.47
9.74
5.34
5.77
8.57
2.11
8.19
6.45
2.18
3.6
1.11
1.24
5.91
4.34
4.87
8.06
3.36
5.77
4.18
2.32
9.08
5.68
6.35
4.25
6.44
2.63
2.29
3.68
4.05
6.0
2.17
3.86
6.4
5.58
2.08
3.0
5.17
7.48
7.72
7.17
6.47
6.0
6.1
9.41
2.11
4.4
5.63
1.83
6.57
8.12
2.05
5.61
3.97
5.04
7.57
9.69
6.07
1.03
3.07
1.46
2.94
6.85
4.67
1.03
8.78
4.88
8.16
1.6
2.07
7.19
8.92
7.22
9.16
7.12
9.82
1.42
2.79
2.94
9.66
5.27
2.19
2.27
2.31
6.76
6.69
5.49
1.13
3.77
2.21
3.55
3.22
9.04
6.53
5.84
7.98
7.05
8.98
7.33
6.55
4.76
5.93
6.51
7.9
5.45
7.92
4.64
2.77
9.02
6.76
8.67
4.22
5.18
9.38
6.23
2.36
2.09
3.66
1.89
9.7
5.24
1.89
8.01
9.55
6.02
1.61
5.78
1.96
2.91
2.92
6.62
3.09
3.45
2.14
4.69
7.72
7.07
1.52
9.42
6.12
3.82
6.23
8.72
3.15
7.45
3.26
7.8
5.28
5.96
4.99
4.42
5.49
7.41
1.25
3.81
9.74
8.31
6.36
5.06
9.15
3.33
4.42
6.56
4.16
9.98
2.97
3.48
1.31
9.26
4.39
4.64
2.78
2.87
4.66
9.93
6.92
3.98
2.01
4.91
8.4
4.73
2.23
6.79
5.0
1.21
7.86
2.72
9.27
1.43
1.96
3.9
1.89
1.69
9.46
2.48
2.77
5.4
7.22
6.77
3.76
5.58
1.49
3.85
1.45
5.78
5.99
8.63
4.42
2.99
8.57
5.17
7.64
5.18
1.16
7.25
5.45
4.4
9.24
7.77
1.1
8.71
3.65
5.06
9.07
8.78
1.16
4.45
8.1
7.89
2.83
9.98
8.17
3.5
7.61
4.97
2.54
6.02
7.49
5.55
5.58
6.67
2.69
6.1
8.98
2.22
2.37
4.77
7.25
4.61
1.33
3.32
5.95
2.24
4.47
5.64
9.4
9.19
5.28
8.02
3.34
7.7
5.06
5.84
2.09
8.99
2.28
3.4
6.61
9.92
7.05
8.42
6.5
2.96
1.41
4.03
3.24
2.21
5.55
2.65
5.64
8.8
2.29
2.17
4.44
3.02
3.7
8.66
8.78
4.56
8.17
8.75
5.91
3.09
7.79
9.62
3.55
9.16
8.4
6.48
9.07
5.49
3.68
1.93
2.55
5.68
8.72
6.7
3.46
4.41
3.18
5.92
1.3
9.51
1.04
5.06
9.25
8.92
8.81
1.86
1.92
1.29
1.21
8.51
7.88
5.36
9.09
5.91
6.07
4.64
2.89
6.31
6.8
8.43
2.33
7.12
2.97
7.65
8.89
7.06
9.71
5.7
3.65
5.69
8.91
8.96
9.11
3.29
5.09
8.75
4.62
1.95
4.76
8.86
2.35
1.47
4.19
3.84
1.91
3.99
1.18
4.24
5.59
3.16
7.49
5.72
3.93
5.12
5.26
6.74
4.86
7.59
6.24
3.88
3.38
5.06
4.12
9.26
5.22
7.7
6.56
6.71
4.21
9.58
5.32
1.92
9.17
2.34
4.24
6.29
5.0
1.93
7.06
2.6
7.72
2.25
7.38
4.4
4.77
1.28
6.0
7.77
1.82
2.9
6.3
9.65
9.05
9.97
4.32
8.44
2.74
3.78
3.49
6.28
7.31
1.83
5.92
3.38
9.1
1.72
9.36
3.07
9.86
2.78
2.86
3.98
6.09
1.12
5.92
1.58
1.31
2.95
2.56
9.25
8.57
3.95
9.2
1.52
6.82
4.33
4.55
6.5
8.97
5.85
3.4
9.26
1.27
6.01
4.06
1.66
1.54
4.06
7.29
9.97
1.26
1.59
4.22
1.82
9.51
2.57
6.0
4.23
7.85
2.77
4.14
4.38
4.71
9.08
2.02
8.96
6.38
2.85
4.84
5.77
5.03
4.45
9.46
5.47
7.21
6.97
9.97
6.11
1.22
8.78
9.25
2.15
4.09
2.08
2.1
5.0
6.85
2.08
7.34
4.56
5.24
5.91
6.28
7.21
7.1
5.1
7.94
9.58
5.24
8.27
2.09
2.45
4.41
2.65
3.38
7.37
5.33
5.75
2.94
4.06
5.76
2.33
4.73
2.46
1.72
4.52
6.81
3.14
2.6
7.75
7.0
5.2
7.25
3.2
7.03
3.34
6.86
3.29
4.13
1.35
3.23
9.72
7.55
4.74
7.3
3.57
8.77
1.95
9.88
7.12
8.82
7.41
5.76
9.7
9.6
1.26
5.72
6.31
9.12
6.8
3.63
1.64
5.59
5.03
6.84
2.02
6.52
3.45
8.7
2.11
6.4
3.9
6.43
5.8
2.2
6.91
8.57
5.29
4.53
5.55
6.4
6.21
3.24
7.99
8.04
1.16
8.6
4.04
4.02
7.03
2.08
5.04
6.22
4.54
2.89
6.79
6.43
3.63
8.38
4.69
7.23
4.0
2.29
6.29
3.36
4.79
3.87
5.88
9.7
8.7
2.18
5.81
6.69
4.53
5.98
1.77
9.59
8.19
7.58
7.34
7.34
8.28
5.78
4.78
1.73
8.86
6.33
5.33
1.08
2.92
7.84
7.19
4.0
7.88
4.53
7.88
3.26
3.16
8.82
3.55
3.88
5.55
2.38
9.18
1.36
9.01
9.92
3.61
2.04
5.88
7.09
4.54
3.22
7.14
4.52
6.84
3.83
3.78
1.11
7.89
9.86
3.49
6.88
6.17
5.51
2.11
5.91
8.87
3.43
6.54
8.73
4.63
1.14
7.09
3.58
8.91
3.32
4.15
5.65
2.6
8.21
6.76
8.69
8.14
8.98
9.77
7.29
9.11
8.48
9.44
6.04
8.55
3.67
6.14
6.04
1.92
2.01
1.82
4.61
7.2
4.24
6.15
2.57
8.93
2.88
4.65
6.05
8.34
4.42
2.04
1.05
1.26
5.88
7.24
3.42
5.68
2.79
9.06
6.43
3.68
4.79
4.86
1.58
3.44
1.65
2.41
8.58
4.79
9.48
8.59
9.66
9.74
8.03
8.2
6.49
3.32
1.38
7.24
2.5
6.56
5.96
2.74
3.05
4.1
9.68
6.77
1.19
1.38
1.24
2.3
3.21
2.94
3.01
8.21
2.32
8.65
2.57
5.94
4.21
7.97
4.87
9.35
9.89
5.27
3.18
5.24
7.43
3.08
1.52
9.62
7.95
4.6
2.99
6.34
1.56
7.54
3.55
4.67
6.48
9.56
3.68
4.85
2.31
6.33
7.87
9.74
5.58
3.99
9.65
2.24
6.93
4.44
8.95
3.63
6.39
7.35
1.82
7.9
6.62
8.92
2.76
1.06
2.18
2.95
9.74
6.56
7.76
9.4
2.31
6.7
4.64
5.93
5.31
5.04
9.15
2.2
2.09
5.4
7.5
3.95
6.15
5.42
4.59
3.25
9.89
4.7
3.95
6.95
9.32
9.88
1.12
3.6
6.21
9.64
2.0
9.02
7.62
8.24
4.12
5.69
9.75
5.33
5.61
8.29
4.67
8.08
3.92
2.86
1.22
5.89
3.79
4.37
7.78
3.67
3.67
1.09
1.49
6.55
9.11
6.0
7.63
9.6
5.09
2.78
7.92
9.63
2.46
6.27
9.95
4.76
4.18
2.59
5.57
7.44
6.16
1.48
2.12
8.99
1.44
9.74
8.42
7.52
4.1
5.64
1.7
4.26
5.31
6.89
7.58
7.92
9.0
2.27
2.33
9.69
8.85
5.64
3.88
7.89
7.47
2.36
2.37
9.91
9.08
1.45
7.82
9.46
9.46
7.2
1.21
9.23
2.18
8.07
8.26
3.92
7.1
7.21
2.94
6.13
3.71
4.78
2.48
8.61
5.58
9.31
3.99
5.15
3.4
5.01
5.76
1.04
7.77
8.7
8.28
9.66
5.88
6.68
9.99
7.15
4.16
3.75
4.1
9.07
4.44
9.66
8.18
7.13
9.0
9.45
6.11
9.78
2.08
2.18
7.24
3.14
9.69
9.93
6.76
7.34
9.15
3.44
2.16
5.67
7.51
1.55
8.19
6.71
9.54
4.04
2.58
4.97
4.13
2.58
9.18
8.34
8.62
4.14
9.45
7.62
4.06
2.05
1.23
7.78
5.03
3.02
3.07
7.58
4.73
4.98
9.11
8.65
8.18
7.56
6.77
5.34
3.24
6.85
9.17
2.67
2.02
7.54
6.57
6.14
4.19
2.38
4.86
5.18
5.37
4.76
4.6
2.58
9.47
4.44
3.03
6.89
3.87
3.33
2.37
9.99
6.6
3.15
2.12
7.11
6.53
9.87
6.99
3.33
8.15
8.5
9.65
6.18
6.57
2.79
2.28
4.21
2.18
9.54
5.24
3.55
2.71
3.32
5.53
7.85
9.1
3.62
7.56
7.43
7.52
8.3
6.61
6.92
6.27
8.06
7.82
1.67
9.03
7.64
9.21
1.29
4.67
7.17
1.08
4.29
9.35
6.55
1.15
4.48
3.42
7.55
5.31
9.9
3.21
9.31
5.1
9.79
1.63
9.56
4.33
9.08
4.08
3.91
5.57
5.97
2.37
8.33
3.8
1.61
9.81
4.41
2.04
5.68
1.44
6.42
3.31
7.55
3.65
6.54
3.25
5.18
2.61
3.44
8.55
8.13
3.1
7.52
4.64
3.62
7.84
2.91
5.26
4.28
6.43
5.41
2.4
5.88
5.0
1.42
3.5
4.09
8.71
4.98
7.77
8.74
5.08
4.33
1.11
8.23
6.4
9.48
9.88
1.95
4.97
2.24
6.8
4.11
6.62
8.85
3.53
4.85
4.06
9.2
2.92
8.09
6.18
8.73
1.54
3.26
9.17
1.02
7.85
3.8
4.48
6.69
4.99
9.68
1.7
7.94
1.35
5.21
1.78
2.51
6.9
1.62
3.17
4.93
7.03
6.75
4.17
3.11
2.79
8.59
3.83
7.28
4.64
1.02
6.76
5.77
1.32
7.32
6.69
9.05
2.86
6.53
9.76
6.39
6.29
3.0
2.18
5.14
5.19
7.15
7.18
1.87
4.24
1.91
9.49
3.89
1.12
1.28
7.7
9.22
3.58
9.4
7.27
2.55
9.07
1.47
6.7
1.13
1.77
3.82
8.35
1.82
2.03
5.48
9.24
3.05
7.97
1.05
9.71
4.71
3.9
1.64
3.17
1.72
8.56
5.93
7.25
7.14
4.68
6.15
3.22
3.4
1.39
2.28
7.75
1.41
4.6
9.76
7.58
7.8
5.75
3.29
1.79
4.45
8.45
2.45
2.99
4.29
9.6
4.31
1.55
2.28
6.15
5.33
9.21
7.77
9.11
7.57
6.76
2.95
3.73
9.83
8.22
1.88
2.87
9.72
4.89
3.2
6.44
1.28
9.87
3.49
8.77
8.45
5.33
7.01
5.22
2.36
9.15
8.03
8.81
4.23
2.55
1.98
1.97
4.07
8.65
6.79
4.05
6.59
8.42
5.01
1.68
3.43
4.85
3.62
7.29
9.32
8.13
7.57
6.95
7.17
8.22
1.56
1.66
4.23
4.69
8.33
6.42
8.1
9.45
5.01
8.3
10.0
4.82
3.84
5.06
2.05
6.28
8.73
3.29
3.61
9.88
9.35
3.11
2.29
7.61
9.5
8.42
9.19
4.56
5.85
9.9
5.4
7.36
2.83
4.31
3.63
1.22
9.56
7.46
1.7
6.76
1.84
5.96
8.32
4.17
3.79
9.82
6.14
7.09
3.81
6.68
9.28
6.84
2.86
6.64
1.8
7.81
9.95
2.28
6.99
3.05
7.68
9.39
5.69
8.83
4.69
2.03
4.32
6.8
1.24
5.2
4.32
6.36
8.82
8.83
3.85
1.61
4.51
5.05
4.7
6.38
3.08
5.54
4.54
6.47
2.93
4.01
1.44
3.43
1.63
1.88
7.12
8.68
4.92
7.01
9.66
7.04
9.14
4.49
2.71
8.11
9.42
1.83
1.78
5.39
3.85
3.66
5.49
1.49
8.34
5.74
7.6
7.43
1.71
6.64
4.6
5.83
8.77
2.7
4.16
3.6
4.31
7.15
5.37
9.04
1.25
6.47
8.49
6.62
9.54
9.04
4.07
2.36
5.99
9.33
8.99
9.27
3.0
6.32
4.58
3.03
1.4
2.73
5.33
4.5
6.83
3.1
1.71
7.67
6.21
4.24
8.36
3.15
7.85
6.43
8.28
5.97
1.66
6.97
3.12
5.49
7.41
2.34
4.22
5.8
9.18
6.94
2.09
2.85
1.12
5.26
7.09
8.49
3.68
8.38
6.84
9.59
6.94
2.67
2.67
2.11
7.96
9.76
9.13
7.84
1.13
8.2
1.92
4.98
4.74
7.87
5.91
5.22
7.87
6.77
9.56
7.57
9.58
6.65
7.29
5.44
8.98
9.3
1.88
8.44
8.78
1.19
9.27
8.02
7.0
8.33
3.14
2.51
6.7
6.99
7.79
9.86
6.8
3.77
2.18
3.36
9.86
7.36
7.25
4.58
5.58
9.66
2.45
1.81
7.43
9.65
8.69
8.23
3.53
1.22
1.46
9.0
2.34
2.79
3.57
5.79
4.36
1.75
6.3
9.19
8.04
2.99
2.9
5.0
3.94
1.39
8.35
4.64
3.62
9.49
1.09
8.0
4.63
3.83
1.26
2.72
4.95
1.2
3.03
8.2
9.58
6.64
4.19
10.0
6.19
5.21
2.41
2.64
7.5
8.66
3.2
5.99
2.67
2.73
7.8
9.36
2.27
7.51
3.95
8.32
7.36
1.21
7.78
9.13
2.14
9.11
3.89
6.79
3.65
8.94
5.75
5.72
10.0
4.35
7.99
9.13
3.59
4.59
2.38
5.1
7.1
7.12
3.42
8.93
6.07
6.86
2.51
7.39
4.08
2.66
2.61
5.19
3.72
8.72
3.51
6.93
9.07
8.69
7.43
9.43
6.34
3.55
8.53
9.04
5.06
9.78
6.69
8.77
8.73
3.74
1.51
6.93
6.59
1.69
4.89
7.9
4.53
3.64
1.01
7.07
8.77
5.68
2.84
7.59
4.08
3.04
7.25
2.34
4.58
5.92
3.95
9.58
8.77
6.09
9.89
4.87
6.72
7.4
6.69
8.59
9.86
4.08
6.18
9.54
2.07
1.15
7.43
6.88
3.07
5.05
3.49
7.11
5.54
3.01
8.03
4.58
7.99
8.96
6.94
9.46
3.79
8.81
5.78
9.53
8.41
5.91
5.69
9.2
1.68
3.96
7.27
8.68
4.08
2.76
2.23
2.2
1.84
4.87
9.86
4.11
4.27
2.56
5.21
5.24
6.4
2.19
5.46
9.49
3.63
7.58
2.94
3.47
8.21
7.12
9.04
2.29
7.74
7.14
6.82
5.73
5.32
9.64
3.17
3.0
2.15
9.14
5.82
8.26
5.73
4.03
1.29
6.65
1.82
4.71
2.17
7.33
3.72
7.34
4.88
1.5
6.19
5.74
5.4
7.23
1.04
7.05
9.5
6.86
4.67
3.96
1.06
7.92
1.49
7.58
1.97
4.8
7.95
5.69
1.28
6.03
4.83
3.31
5.86
1.28
9.51
8.65
4.46
5.38
5.35
2.98
9.12
6.41
3.37
1.56
9.48
3.52
2.75
3.12
1.93
7.52
3.23
1.25
3.26
5.45
7.95
2.94
7.06
2.71
4.46
7.4
1.84
8.91
7.2
7.22
3.01
7.94
2.11
6.3
7.95
2.38
5.2
2.13
4.21
8.52
8.51
5.88
4.02
5.34
8.74
9.81
6.45
4.44
6.66
9.53
1.92
3.56
8.42
8.1
4.02
4.71
9.03
9.77
8.47
2.06
1.8
8.06
3.14
6.21
3.45
2.67
4.16
4.86
3.07
8.34
1.16
4.64
4.13
2.09
2.89
8.45
5.38
9.7
3.15
1.85
6.95
2.47
6.05
7.68
6.03
1.87
6.19
7.65
8.11
7.56
2.06
3.01
8.12
8.31
4.71
1.14
9.33
7.3
5.38
8.78
5.66
2.74
3.69
8.98
8.32
2.98
8.46
6.19
7.51
6.58
6.19
7.18
5.16
6.83
8.63
4.45
6.42
5.46
5.22
8.08
2.1
9.1
4.22
6.49
1.95
1.16
9.26
8.63
6.81
6.89
6.62
5.81
8.08
2.24
2.66
8.39
6.25
5.25
5.38
5.65
6.32
3.13
6.98
4.79
8.24
5.39
2.2
9.42
2.69
4.53
7.73
5.98
8.42
3.75
6.94
7.57
5.57
3.18
3.4
8.71
2.44
4.07
4.95
9.49
9.98
3.83
4.15
8.68
3.35
8.99
5.83
4.05
2.04
4.12
4.67
4.15
2.81
1.52
5.87
6.72
6.69
2.72
8.15
6.33
5.46
4.99
6.75
4.84
4.73
2.73
9.36
2.28
7.28
7.16
2.27
5.82
9.97
4.8
9.84
1.02
7.17
5.66
4.99
8.27
7.78
6.53
1.66
5.68
2.19
2.29
4.2
3.2
1.41
3.25
7.21
6.36
5.03
1.67
9.45
7.76
4.02
9.03
2.53
4.45
9.52
6.94
8.58
6.4
9.75
8.7
9.56
4.08
5.45
8.5
3.36
7.28
8.61
4.16
3.82
4.55
3.28
6.32
3.07
9.42
3.33
9.31
9.84
3.67
4.74
5.09
4.19
4.02
3.88
6.24
9.26
3.27
3.83
6.94
8.44
3.53
1.86
1.23
1.29
2.4
4.81
1.58
8.79
9.81
6.17
2.27
1.61
9.16
9.48
5.57
2.7
7.72
1.18
1.85
9.29
7.15
2.79
5.76
6.59
4.03
5.23
5.7
4.69
6.73
5.02
9.1
3.78
8.6
2.32
4.13
2.12
7.05
4.73
7.44
4.38
1.94
8.36
8.43
6.08
1.11
1.81
9.57
8.01
6.97
8.31
1.72
3.52
1.64
5.56
2.44
7.53
2.4
4.29
5.17
9.5
2.68
9.67
3.54
4.14
9.97
5.51
7.44
2.2
6.35
5.59
9.58
3.24
8.23
7.9
3.1
5.12
8.26
9.89
9.29
4.25
2.39
3.73
4.93
3.57
6.47
1.65
7.03
3.84
4.29
1.28
7.12
1.58
2.9
7.68
2.53
9.67
6.64
5.06
4.9
7.43
3.17
9.21
3.94
4.4
7.0
1.46
5.93
3.17
7.12
6.41
2.3
8.7
5.74
6.57
7.07
8.36
7.29
3.87
3.38
4.79
1.93
8.51
8.25
2.65
4.78
9.9
3.56
6.47
7.86
7.93
8.21
9.16
5.01
2.9
8.19
3.95
2.61
6.24
6.79
5.57
3.62
7.76
6.89
2.18
7.34
6.65
7.37
2.64
3.78
9.53
1.17
4.57
9.23
8.81
4.56
5.06
3.95
9.12
8.14
2.37
1.96
9.31
3.19
3.58
4.52
3.02
1.68
9.72
5.32
9.46
2.91
2.88
6.58
5.23
4.59
9.84
2.2
2.06
5.33
5.19
5.11
8.42
4.06
1.4
6.72
9.77
8.44
5.72
2.33
3.14
2.25
3.01
2.28
7.88
6.97
9.46
8.44
1.07
7.19
8.67
9.11
3.33
6.16
2.56
4.95
1.4
1.52
8.93
8.83
8.11
6.32
6.1
4.45
1.49
4.82
4.23
6.24
7.17
8.48
4.46
3.29
6.59
4.54
1.72
4.75
5.52
9.66
8.3
7.34
4.53
7.84
4.22
2.06
3.43
4.75
9.22
4.08
4.28
4.13
3.62
9.02
6.05
2.23
5.13
7.92
7.84
3.36
7.86
1.7
2.99
6.38
9.14
4.37
3.85
8.86
6.92
9.63
3.14
6.29
9.91
8.6
9.03
5.68
9.76
5.3
7.26
2.8
6.29
7.89
3.77
2.32
2.15
9.87
6.35
9.47
4.77
7.39
1.89
9.85
4.09
2.72
2.88
5.08
7.89
9.89
4.96
7.07
6.26
3.84
3.75
4.64
6.64
1.42
3.27
4.18
8.38
5.92
7.89
8.57
7.19
4.77
2.13
9.79
6.31
7.65
7.6
4.16
7.1
4.17
2.28
6.38
5.96
3.54
8.73
4.66
6.65
2.92
8.24
1.13
1.79
5.09
8.27
4.25
3.31
7.42
1.75
3.2
9.17
8.62
4.17
9.44
1.46
1.82
1.31
2.5
7.64
1.65
2.71
1.28
4.87
3.15
1.94
6.06
2.93
9.95
7.87
8.0
7.78
2.59
3.03
7.48
2.24
4.16
6.01
5.51
3.69
2.24
2.8
4.31
4.04
4.97
2.21
4.19
5.17
5.16
4.05
1.24
2.44
8.72
8.62
6.88
7.12
4.66
7.73
7.51
6.61
5.1
9.24
3.96
4.54
1.45
5.63
8.02
5.95
5.47
7.95
5.4
4.42
5.99
9.35
3.24
9.0
2.8
3.38
2.98
6.65
3.04
7.04
6.9
5.34
3.25
5.11
2.24
7.46
6.13
7.49
1.75
5.86
2.45
9.35
4.55
8.9
8.22
2.88
9.66
3.81
1.63
7.52
4.97
5.11
5.71
7.91
5.59
6.64
5.69
3.58
3.58
4.98
6.03
1.47
2.88
6.59
4.0
3.66
1.8
8.95
4.02
3.82
8.12
9.32
4.32
2.02
4.08
3.05
9.23
3.76
5.69
7.89
1.28
6.81
9.37
3.17
2.19
3.9
7.15
5.99
9.33
2.93
7.14
3.96
9.79
8.68
5.69
9.58
4.17
7.09
7.92
9.44
4.06
6.66
2.58
2.95
2.32
9.72
6.68
3.12
6.84
8.8
2.32
9.11
5.23
6.19
7.76
9.12
8.67
8.72
5.79
6.24
1.74
7.45
3.69
4.46
2.27
9.63
8.86
5.72
1.94
2.06
5.72
9.57
4.77
5.19
3.08
4.66
6.48
5.19
2.77
1.29
8.66
6.16
9.64
6.97
9.12
1.56
4.84
7.42
6.31
6.26
1.95
8.75
3.5
7.75
8.63
1.5
8.4
8.61
2.72
2.9
4.06
8.89
6.97
7.64
6.58
7.48
9.59
5.83
1.88
7.48
4.88
2.09
6.39
5.44
8.89
9.22
5.92
1.53
7.12
8.09
3.37
2.71
6.68
3.4
2.27
8.13
4.1
7.58
1.27
8.4
8.73
3.77
8.36
6.69
8.91
3.1
9.16
7.51
4.3
5.8
1.68
2.16
9.8
9.54
2.54
9.92
6.38
1.87
2.74
1.44
3.81
8.56
3.07
5.93
9.29
7.9
9.26
7.48
8.36
3.91
9.79
4.3
7.57
9.61
8.72
2.64
6.96
4.46
7.55
6.39
3.38
7.97
7.23
3.99
3.53
7.08
5.3
8.61
9.12
7.43
2.84
7.23
2.62
5.01
9.01
3.65
6.17
1.1
4.28
5.17
3.71
7.19
7.42
9.25
3.63
4.38
4.24
4.54
3.37
5.33
9.91
6.28
5.2
3.42
2.59
5.36
3.66
6.69
6.95
8.68
6.04
8.06
2.31
5.44
3.46
3.9
2.1
6.53
2.63
1.9
8.8
9.99
7.28
4.7
9.63
1.27
1.04
1.73
7.14
1.72
5.84
5.37
4.23
5.86
2.61
9.27
5.25
8.19
5.08
4.06
7.75
7.59
1.78
6.85
6.61
4.14
2.58
2.76
2.25
3.08
3.1
5.89
9.68
4.22
7.8
8.77
5.06
9.96
2.16
1.91
3.53
1.16
9.69
8.12
3.05
10.0
5.25
2.67
9.86
5.91
2.15
5.57
2.17
5.63
2.01
4.59
2.41
3.92
1.16
3.1
9.88
3.52
6.24
2.82
2.38
7.6
3.76
4.29
5.66
6.56
9.32
7.89
2.66
2.39
9.42
9.12
6.95
3.3
5.81
4.27
2.05
3.19
7.79
7.47
3.65
2.19
6.13
4.81
4.39
9.72
8.12
5.68
4.83
8.34
1.17
3.23
2.08
2.4
2.67
2.86
5.3
9.53
5.53
8.33
2.89
3.2
1.36
3.66
1.78
8.46
4.24
9.29
8.71
2.25
9.03
3.24
6.48
7.33
6.21
7.51
9.25
9.46
9.97
9.89
6.1
3.69
5.18
1.8
3.05
3.3
6.41
8.69
5.74
8.42
6.12
5.43
9.96
1.58
9.1
3.2
4.53
6.76
2.7
4.61
4.4
3.25
8.83
2.72
6.32
1.62
1.46
8.27
3.98
5.65
4.41
8.55
7.64
7.16
3.68
1.23
9.22
1.99
3.74
4.28
8.82
8.71
4.81
7.23
1.3
5.07
9.21
7.5
1.17
1.86
9.01
5.25
3.4
7.01
9.68
8.63
8.85
8.01
1.4
9.4
9.03
9.24
6.01
6.56
1.43
1.13
2.03
4.14
3.09
9.61
2.43
1.4
3.7
9.37
4.05
1.26
6.97
4.35
9.59
4.11
5.29
7.47
2.71
1.82
3.0
7.5
7.81
1.32
7.7
9.03
8.25
9.87
2.24
4.12
9.28
5.44
1.36
1.64
2.72
9.06
3.01
9.18
1.2
5.16
2.15
5.38
8.26
5.09
1.52
8.41
2.85
9.94
7.4
3.45
8.79
5.42
7.99
4.4
5.0
8.87
5.83
5.95
5.99
3.91
8.95
1.2
3.77
4.96
7.05
2.56
1.4
6.29
9.95
9.1
8.16
9.27
8.73
6.36
6.48
5.75
4.69
4.25
9.34
1.6
4.98
4.92
2.99
7.3
4.61
1.26
1.5
8.94
3.5
6.44
5.46
1.11
5.88
7.34
1.37
9.75
5.09
9.13
9.41
7.87
3.85
9.06
1.88
3.75
7.76
5.47
1.18
2.06
3.13
8.23
7.29
7.61
1.67
8.13
7.83
6.05
6.19
4.91
1.92
9.65
3.16
1.95
6.83
4.82
8.83
9.19
8.69
9.59
2.6
6.51
3.15
8.63
9.05
2.31
1.56
5.61
9.7
3.7
6.89
6.64
6.64
5.35
8.11
5.05
2.17
3.75
4.51
8.54
6.32
5.37
6.3
3.39
6.19
7.55
6.46
9.81
3.81
7.88
2.72
7.27
9.27
5.24
8.7
1.78
3.97
5.57
5.26
3.26
4.12
7.21
6.97
7.42
7.08
4.18
8.22
5.77
3.4
8.0
6.8
7.87
7.65
9.73
6.74
8.88
2.13
7.39
6.23
6.63
7.84
3.73
6.0
6.62
7.27
6.16
1.52
6.5
7.53
6.96
7.91
2.53
4.32
1.65
5.78
3.98
5.5
3.37
1.67
3.08
2.71
9.84
1.85
8.06
5.11
8.98
5.3
2.93
5.23
9.99
9.61
7.58
6.19
2.52
4.04
4.24
6.65
6.34
2.33
5.46
9.69
1.62
5.42
1.25
2.48
6.89
7.71
6.37
3.95
6.63
8.06
4.45
8.94
8.13
3.68
2.53
7.65
7.0
1.72
7.34
8.21
1.88
1.52
2.0
2.66
4.79
4.43
3.16
2.8
2.66
8.94
4.36
1.18
6.69
9.31
1.33
1.05
1.87
7.9
5.61
3.55
7.56
8.69
2.67
1.59
3.83
4.07
4.21
4.25
6.96
2.05
4.09
2.97
7.87
5.01
8.55
4.32
2.78
4.71
5.42
2.3
1.41
7.97
5.29
2.67
3.46
1.15
5.56
6.11
9.11
5.7
5.78
6.1
9.55
3.53
4.19
2.15
9.21
3.01
3.11
7.21
2.43
7.49
4.27
9.16
4.79
9.84
1.29
1.74
5.62
9.58
6.5
7.84
3.24
5.17
8.5
8.58
4.79
4.89
2.32
8.45
2.15
7.37
7.59
4.43
5.42
3.48
2.66
1.3
4.94
2.56
3.71
1.7
1.47
3.84
4.86
8.42
9.37
9.92
9.91
3.07
5.01
5.8
1.78
8.23
6.54
6.03
7.31
4.72
1.06
1.97
3.5
7.15
7.78
2.43
5.91
3.12
9.09
7.55
4.7
1.57
8.74
9.83
9.37
9.86
8.64
1.61
2.99
9.89
2.03
9.12
9.1
2.62
7.61
8.8
9.11
8.44
1.05
2.36
1.83
7.15
1.89
4.81
7.94
8.33
1.08
1.76
8.79
3.18
3.05
9.43
5.39
5.91
9.27
9.76
4.3
2.61
9.41
4.4
6.61
1.63
1.96
3.66
6.72
6.07
8.04
1.18
1.69
2.77
9.47
4.61
8.28
2.28
7.75
7.26
8.27
3.83
3.66
7.18
7.45
5.85
1.88
4.97
4.4
2.86
1.6
2.37
1.77
6.05
2.86
5.98
6.86
6.17
9.53
4.65
7.06
5.13
4.2
2.62
6.4
1.65
7.13
1.8
5.98
9.75
4.2
2.85
3.11
4.63
1.2
9.36
8.77
5.98
7.55
6.55
6.47
2.45
4.57
9.97
4.6
5.93
4.84
7.29
5.92
8.26
4.24
6.99
2.6
3.25
5.03
1.96
9.66
3.93
1.61
9.48
7.32
3.78
2.1
6.54
2.29
8.06
4.53
1.53
3.22
7.76
1.38
4.98
1.47
5.25
3.58
6.18
3.59
9.85
8.44
9.27
5.73
1.6
1.52
2.86
5.8
6.37
9.88
8.22
7.38
8.66
9.35
9.71
5.66
9.2
1.42
3.92
7.51
7.39
3.74
1.7
5.09
1.0
8.03
9.04
9.32
7.66
8.87
6.87
5.86
3.13
1.1
2.43
4.85
2.64
3.33
5.64
4.18
5.86
9.69
5.81
6.8
1.28
2.94
6.18
1.7
7.81
3.79
1.71
8.34
7.58
9.37
7.44
4.95
6.28
9.65
8.22
4.92
8.79
2.91
4.09
5.2
2.93
9.95
4.67
1.76
9.64
5.94
7.86
2.56
5.16
4.12
7.75
8.02
1.5
5.58
6.72
4.25
4.44
1.53
2.06
5.3
4.55
1.02
1.59
3.98
6.76
3.46
3.61
6.69
6.62
2.27
1.13
6.31
7.85
8.88
9.66
2.09
1.02
8.22
2.92
2.84
1.24
2.77
6.62
9.45
4.31
9.54
7.3
2.85
9.51
8.83
5.04
7.0
5.82
1.61
5.07
4.47
1.7
9.22
2.67
4.68
8.22
1.4
1.37
1.02
1.95
7.55
1.73
7.22
5.39
8.1
9.26
5.09
7.84
4.43
7.99
7.59
9.95
5.58
8.83
3.08
8.37
6.99
5.92
9.1
5.53
9.08
2.54
2.72
1.42
1.23
9.59
6.32
7.19
9.58
8.47
5.82
9.38
6.95
1.9
8.57
4.34
5.91
1.19
8.94
4.63
5.35
7.99
4.48
8.34
8.15
8.97
5.59
3.43
4.65
3.56
8.72
2.23
7.9
2.75
9.54
9.45
2.23
7.71
9.77
2.79
5.39
6.3
8.91
6.6
2.99
8.84
9.82
4.11
7.69
9.72
8.6
2.97
3.84
2.8
1.79
6.62
8.03
1.04
1.3
7.78
8.19
2.19
4.07
9.04
2.29
8.24
5.92
9.15
9.42
9.22
5.18
3.13
7.19
1.47
3.39
8.53
9.86
2.31
6.41
4.19
7.2
5.05
3.28
8.35
5.26
5.55
9.07
8.61
1.35
4.74
5.18
1.11
7.43
9.44
1.94
6.64
8.98
8.95
4.5
7.14
1.14
3.25
7.15
7.92
6.96
7.89
5.11
7.92
8.93
9.76
7.92
4.92
5.0
7.07
4.91
7.35
4.65
5.58
1.93
9.3
9.95
6.32
6.9
5.04
3.51
7.92
4.0
5.26
8.73
1.54
4.62
2.78
4.02
3.97
5.69
6.63
1.02
1.59
4.11
5.37
1.85
5.42
5.64
3.85
1.85
9.95
5.17
9.49
9.67
7.18
1.75
4.26
6.22
6.99
8.57
6.92
4.98
5.64
1.06
2.42
4.99
6.66
7.67
9.74
3.42
2.91
5.69
6.76
5.93
2.69
5.97
2.9
4.18
7.26
5.66
2.46
9.32
3.78
4.72
2.26
3.16
6.65
8.61
7.37
9.85
7.08
4.35
6.59
1.11
1.34
2.49
3.78
4.96
3.36
4.05
1.28
6.33
5.69
3.49
1.72
5.68
9.94
7.85
3.37
6.14
3.45
1.49
5.63
7.61
2.99
4.03
6.8
8.22
2.29
2.39
3.79
3.19
8.16
6.5
8.43
4.56
5.76
3.54
5.6
3.12
4.77
2.15
5.28
4.44
9.43
6.65
4.49
8.9
2.36
8.11
3.58
2.22
5.02
4.2
3.59
8.78
8.53
2.69
1.1
5.68
6.89
8.78
7.02
2.34
9.22
2.96
1.98
1.54
2.31
1.3
9.02
6.84
5.2
3.74
6.82
7.3
1.3
8.51
4.48
8.83
8.07
1.08
5.77
6.64
9.41
5.73
1.7
4.13
7.27
2.7
6.74
9.25
2.8
6.13
5.07
1.64
5.75
6.35
4.41
6.07
2.3
3.54
9.93
5.06
9.82
4.71
3.81
1.73
4.72
5.18
6.8
7.29
2.67
9.68
6.53
9.96
9.91
4.21
2.69
7.54
1.98
1.98
2.05
3.44
2.36
1.12
8.47
5.57
2.08
1.18
4.53
8.03
4.67
1.51
5.68
6.59
1.26
4.2
6.61
9.61
5.11
1.45
7.08
2.27
3.53
5.86
4.17
5.87
1.39
8.78
7.26
3.93
8.53
4.32
1.87
3.75
1.03
5.04
6.32
5.58
1.06
8.3
6.77
5.13
2.77
9.26
8.11
8.46
9.38
4.9
2.3
3.07
3.72
2.8
7.11
3.91
4.83
7.15
3.01
5.17
4.79
1.66
5.88
3.11
9.7
9.02
8.67
9.33
2.66
7.22
4.38
5.03
5.73
5.66
2.84
4.81
5.51
8.51
6.39
5.17
3.12
9.51
5.19
1.0
8.54
4.73
6.13
1.97
1.1
5.99
5.79
6.75
6.05
8.54
7.74
7.47
3.79
5.58
7.75
5.04
1.78
2.34
8.92
9.78
1.46
2.04
3.55
5.22
9.27
6.28
5.91
4.44
7.51
5.14
2.65
3.63
6.06
2.61
2.04
8.1
4.81
5.0
3.05
7.52
6.9
5.09
6.33
8.08
5.98
6.33
6.97
1.3
4.02
8.13
9.48
8.66
8.46
5.99
2.14
8.09
6.01
2.09
1.74
1.27
6.45
9.17
7.12
2.56
8.58
5.15
6.62
2.53
2.74
1.35
9.02
1.39
5.22
9.49
4.95
7.22
1.91
5.06
9.27
7.91
1.38
1.23
1.05
1.0
2.67
1.02
9.77
6.31
4.98
3.38
2.04
5.4
7.67
9.35
3.03
3.39
7.1
7.8
3.0
1.38
5.04
7.09
2.72
8.42
9.01
6.15
1.78
5.78
3.5
7.77
2.59
2.95
4.55
2.28
6.51
5.88
2.86
2.63
4.56
3.48
9.28
4.69
4.61
5.05
4.43
1.01
6.93
1.8
3.11
7.53
3.15
7.55
5.12
6.99
9.7
8.85
7.47
2.81
9.11
1.99
3.89
4.34
8.75
3.78
6.79
9.18
5.94
6.28
6.86
5.45
6.19
9.51
5.28
5.53
5.16
2.92
7.48
1.7
1.33
8.68
1.81
8.3
3.78
7.31
6.03
4.91
8.86
1.11
4.96
4.08
2.3
7.21
8.69
3.19
3.97
9.55
1.02
3.77
6.09
2.86
6.83
8.73
9.83
9.28
7.75
4.99
5.53
3.7
5.69
2.26
7.79
9.57
8.55
5.93
8.11
3.12
3.97
4.82
7.03
5.62
4.99
2.97
3.63
6.49
4.72
8.74
4.71
8.38
5.99
5.76
2.33
3.52
7.58
5.26
2.92
4.67
6.63
2.58
1.25
4.7
7.84
4.14
4.15
2.98
6.17
5.42
6.38
5.23
6.26
7.52
8.09
3.4
1.05
2.2
4.97
6.69
3.14
8.99
6.46
8.31
9.73
8.28
6.74
3.78
1.03
9.28
6.23
3.33
1.03
2.79
1.6
8.27
1.58
7.71
8.72
6.28
6.48
9.97
4.89
7.4
6.27
2.84
1.01
5.49
6.6
1.6
3.49
4.37
7.36
8.34
5.35
9.53
7.37
7.44
7.85
1.59
7.46
9.94
8.5
7.8
2.31
8.18
6.36
9.22
9.73
1.55
1.2
8.36
3.63
6.2
5.52
6.12
7.77
9.76
7.75
5.55
9.12
7.92
3.81
4.9
4.41
4.95
3.84
5.58
8.53
7.21
7.57
4.34
7.17
6.58
4.05
5.34
6.38
8.4
4.62
1.12
9.5
3.45
8.33
4.4
2.98
4.26
5.61
5.9
6.91
2.32
6.42
2.7
7.44
5.42
7.32
4.37
4.92
8.67
8.01
8.13
3.78
6.58
5.82
1.74
3.08
2.94
7.52
3.2
8.19
7.28
6.22
9.4
9.01
6.12
6.83
9.13
7.64
6.98
3.01
4.02
1.48
3.92
8.81
5.51
1.78
6.84
7.9
6.45
4.25
3.19
5.88
2.38
4.69
6.33
6.01
8.95
7.96
1.52
9.02
1.6
9.62
9.65
9.18
7.65
9.06
5.42
6.43
9.75
3.9
8.8
3.6
9.57
9.15
2.72
1.1
6.19
7.59
1.01
9.99
9.15
4.33
8.09
5.76
6.88
6.26
7.3
5.89
8.93
1.52
1.4
5.58
9.95
3.02
1.75
7.41
4.76
8.29
1.83
2.37
5.48
1.98
9.43
3.49
7.92
5.03
9.81
7.81
1.55
6.18
2.93
6.12
3.9
1.16
9.44
6.49
6.07
9.49
6.7
6.66
1.33
1.2
6.43
1.23
1.51
5.46
8.23
8.64
9.57
8.51
2.3
1.09
7.84
9.45
2.29
1.38
6.86
8.64
4.03
3.31
7.9
3.9
9.82
6.35
5.82
7.9
6.95
7.55
8.75
2.86
9.14
7.49
7.9
8.6
2.98
2.14
1.19
5.77
1.45
8.83
9.15
7.29
3.57
1.7
3.43
9.74
6.73
1.24
9.01
1.79
2.28
3.18
6.72
8.11
8.18
2.57
6.84
7.77
9.46
5.47
4.76
9.35
3.78
7.03
1.94
6.68
1.46
7.19
7.93
5.26
8.75
1.54
5.2
5.25
2.53
5.0
1.22
7.71
9.98
1.32
5.92
1.76
8.32
1.91
1.62
1.39
9.16
7.01
9.43
4.69
8.33
3.83
7.17
6.36
8.08
8.96
8.55
4.85
1.91
8.88
9.13
2.49
4.48
5.17
3.96
3.05
9.54
1.81
6.67
5.11
3.06
1.6
7.27
2.08
3.45
5.59
6.55
2.27
5.06
8.16
1.15
7.02
4.37
3.24
4.04
6.13
4.47
3.72
9.11
7.3
7.95
3.12
7.09
2.5
1.81
5.06
3.16
6.59
9.58
8.88
7.15
1.31
3.91
9.59
3.85
1.62
6.48
4.78
3.65
5.43
4.64
1.25
4.73
5.32
9.08
4.54
2.99
7.73
7.42
9.91
2.08
3.57
9.88
5.88
7.75
6.85
8.59
4.41
8.88
8.24
5.9
2.43
1.5
3.72
4.34
4.35
7.68
4.88
2.76
6.31
4.89
4.31
4.44
2.66
5.65
6.09
4.23
8.14
2.81
3.28
5.73
3.67
4.87
4.62
2.5
6.2
4.85
9.27
6.63
2.49
3.19
4.82
8.51
1.07
8.41
9.39
4.29
7.48
5.28
2.22
2.59
7.19
1.55
6.49
8.82
1.73
6.83
3.37
4.46
9.87
3.4
9.05
7.93
4.41
6.27
7.2
4.09
9.99
8.53
5.92
8.04
2.56
5.55
1.16
9.09
2.77
4.19
7.54
1.12
4.09
7.66
5.97
8.7
9.03
6.63
1.16
3.18
9.27
2.83
9.38
4.86
5.64
8.69
6.19
4.0
8.13
3.46
6.08
7.79
3.98
4.82
4.79
7.92
4.5
6.65
6.81
2.51
2.55
7.66
8.41
9.63
3.81
2.19
1.06
8.58
4.78
5.14
7.6
3.56
8.09
2.85
7.94
1.6
7.51
4.91
8.18
1.55
7.81
5.01
2.7
3.64
7.74
4.83
6.94
3.06
9.32
8.79
3.4
8.6
4.5
6.29
6.06
4.81
7.76
1.18
7.74
4.28
6.85
5.86
4.02
3.79
6.28
8.66
6.62
6.99
1.8
9.5
2.67
5.4
8.54
2.12
9.54
3.0
6.19
4.6
8.44
7.23
3.83
4.93
6.67
6.58
8.69
6.53
6.07
1.54
7.43
6.84
1.28
8.6
4.91
1.91
1.92
6.44
1.98
5.48
5.87
6.02
7.39
6.42
4.77
2.79
2.12
4.6
9.66
2.68
7.97
4.37
7.28
1.25
5.92
2.78
4.38
2.87
7.5
4.12
8.66
1.08
2.11
1.01
5.51
4.45
1.84
7.95
3.37
4.3
6.85
9.91
9.04
3.69
1.21
9.5
6.75
5.66
1.36
3.53
2.4
6.11
3.89
2.87
2.71
3.9
3.95
3.48
6.39
1.03
3.19
7.25
5.12
1.18
8.02
7.12
5.35
3.71
1.08
2.95
4.89
8.04
4.05
4.13
4.76
7.75
4.34
5.8
4.36
4.0
3.17
5.07
3.41
2.24
3.03
1.14
8.45
8.88
9.07
3.06
3.56
5.52
5.83
2.03
1.0
6.88
8.66
3.03
9.08
5.5
6.6
8.83
8.41
4.49
7.86
4.51
6.89
9.79
8.72
9.39
5.74
5.12
2.34
8.33
4.67
5.53
9.88
6.83
2.08
2.58
5.61
3.0
9.32
8.81
3.62
8.81
1.34
5.08
8.97
7.2
1.35
2.12
3.58
8.08
6.77
6.86
8.52
7.57
9.86
5.36
6.74
3.67
1.0
6.75
7.55
5.3
6.61
5.26
1.06
5.49
5.81
5.22
1.11
6.65
6.39
8.69
8.89
6.78
2.83
5.38
3.7
8.41
1.13
1.95
9.57
4.82
7.45
1.73
8.91
1.93
5.33
6.09
9.76
8.11
1.95
8.58
9.95
4.93
1.04
2.81
1.62
5.52
7.46
4.74
5.17
9.07
4.33
8.65
4.04
2.28
8.02
7.51
3.56
4.65
4.45
2.1
9.66
9.6
2.28
2.2
6.79
1.64
7.18
3.34
1.71
3.21
1.68
7.26
9.16
8.23
8.3
5.92
7.63
5.62
5.42
7.23
8.3
1.9
5.48
5.29
4.44
9.45
4.35
5.62
2.95
1.47
7.94
6.39
9.56
4.96
5.32
8.38
6.3
1.49
8.54
3.47
5.11
4.73
9.59
9.91
9.62
6.91
3.97
9.55
3.77
5.42
5.81
7.14
3.76
6.49
6.78
5.39
3.7
1.12
9.2
5.48
1.77
7.53
7.88
7.09
7.02
8.55
9.18
7.2
2.06
8.61
8.66
6.04
4.02
9.76
8.26
6.35
3.85
2.65
4.1
7.2
4.87
5.25
9.59
1.0
1.05
4.83
7.3
8.66
6.01
1.16
8.19
5.63
9.61
2.5
3.9
2.93
3.5
2.48
7.81
5.59
9.43
1.35
1.11
1.71
7.07
1.51
3.5
4.47
4.45
8.76
9.66
6.9
4.81
5.71
5.07
9.95
8.64
9.85
6.25
7.81
3.75
2.99
6.84
9.68
2.89
2.27
5.25
7.1
6.19
6.42
2.83
8.81
1.03
4.88
8.11
3.91
7.9
6.8
2.44
5.43
6.56
7.21
5.35
7.15
2.27
6.9
5.32
7.89
5.71
6.12
5.75
5.18
6.33
7.9
9.67
1.92
1.97
1.69
2.78
2.94
8.53
8.59
7.74
1.26
7.23
9.72
1.05
4.54
9.3
7.32
7.17
3.82
9.68
6.28
6.9
7.2
5.8
5.99
6.81
3.78
4.81
1.73
6.77
1.76
7.38
1.47
6.91
4.67
5.88
1.23
2.04
8.31
8.76
7.81
3.71
4.5
2.54
8.49
6.34
8.11
5.71
9.08
9.4
4.83
7.97
5.75
4.13
7.41
1.81
8.32
6.05
4.02
3.21
9.87
2.52
3.94
3.95
7.16
8.57
2.99
7.64
5.53
9.75
7.93
6.62
4.41
8.06
6.33
6.43
2.17
8.16
5.12
7.54
7.21
5.83
3.9
5.15
6.5
2.89
1.45
8.45
6.58
8.24
6.33
4.01
1.51
2.2
8.15
2.0
7.02
7.6
3.58
7.85
4.21
4.5
5.97
7.35
9.09
6.57
8.84
3.21
6.03
5.86
3.71
9.38
6.19
3.7
6.46
3.34
9.88
7.78
9.31
4.79
3.39
2.89
8.78
4.01
6.0
8.3
9.73
9.47
2.67
1.77
9.4
5.24
6.86
1.78
8.05
1.45
5.37
1.1
4.38
5.11
9.26
4.77
3.8
7.95
1.82
6.39
4.55
5.34
9.93
7.66
1.75
9.07
5.4
6.15
4.53
5.09
6.56
1.24
2.8
1.1
8.37
6.97
8.18
1.84
7.19
8.27
4.93
4.48
4.49
6.91
3.93
1.37
6.59
6.91
9.01
9.96
3.02
3.95
3.15
9.87
8.46
7.21
4.15
3.98
8.76
6.85
7.76
2.01
2.45
2.64
4.52
1.31
3.87
6.77
4.37
5.99
5.73
8.46
7.36
5.89
9.74
3.09
4.86
1.94
6.36
7.5
2.01
3.03
5.71
3.11
4.78
7.73
3.94
1.64
9.81
1.62
6.6
1.21
1.57
7.2
8.94
3.8
7.46
9.34
7.52
5.31
5.23
8.59
7.85
4.0
5.91
2.96
5.31
5.3
6.46
8.65
3.71
6.37
5.6
3.85
7.48
5.21
6.29
4.13
3.73
2.73
5.0
1.06
2.14
1.92
4.39
5.04
2.8
3.35
5.01
8.23
6.78
9.86
3.68
2.76
9.08
2.57
6.39
1.71
5.5
8.54
2.08
2.86
9.69
8.72
4.0
4.04
9.39
2.84
4.9
1.79
7.67
4.62
6.83
3.52
2.94
3.13
7.73
4.54
2.36
9.23
3.21
5.28
2.26
9.65
9.78
1.72
4.83
9.49
1.35
1.54
9.48
7.56
5.98
5.86
2.24
3.72
2.64
2.22
1.59
4.04
3.65
5.28
9.92
3.53
8.55
2.35
2.65
4.97
8.88
6.33
3.27
9.71
5.81
4.6
5.72
1.58
2.15
2.54
2.81
6.31
9.15
4.98
1.74
6.07
1.53
5.43
7.4
9.81
9.79
4.76
7.04
6.58
4.91
9.1
9.29
1.07
6.07
6.44
2.56
6.83
4.34
3.57
3.71
8.79
6.03
7.74
1.44
4.62
6.02
8.42
5.09
7.61
1.38
2.76
5.99
5.67
1.73
7.32
5.9
3.49
9.22
8.97
3.85
7.09
5.37
2.41
2.9
7.26
3.7
8.06
9.38
1.31
9.83
2.39
6.72
8.87
9.17
5.27
2.67
6.1
8.89
4.1
2.84
8.3
5.48
7.25
3.38
9.24
7.94
5.82
3.12
3.2
7.98
2.36
5.34
2.65
9.92
5.15
8.85
3.03
6.04
1.73
1.94
9.68
1.14
6.4
5.12
9.51
4.89
3.11
7.17
1.22
6.5
6.96
5.09
7.01
6.8
4.26
9.24
2.78
3.62
6.91
6.45
7.01
2.23
5.06
5.94
9.74
3.36
1.61
2.28
3.68
9.53
6.27
6.72
1.77
9.78
4.09
3.07
7.36
8.28
2.36
3.59
6.34
3.4
4.41
7.51
8.04
5.19
5.32
9.59
9.66
7.65
6.82
3.7
3.0
3.08
4.54
4.54
8.15
1.89
3.65
1.81
1.24
6.0
6.68
6.08
1.86
8.06
8.71
9.27
6.95
1.89
7.83
4.6
6.4
6.48
9.48
2.78
5.41
8.78
8.28
4.94
3.25
5.13
3.59
2.33
1.46
4.35
2.6
2.76
2.46
9.22
8.7
8.94
2.24
4.31
7.08
2.23
1.4
8.94
9.95
6.42
1.54
6.93
9.51
9.95
9.64
9.07
9.32
2.66
5.86
9.51
5.73
5.85
5.35
1.44
9.02
7.29
6.43
3.88
6.69
8.69
6.22
8.61
6.38
2.48
9.02
9.64
4.03
1.58
6.87
8.46
6.66
9.15
4.6
8.69
6.77
9.21
4.9
8.73
5.25
5.03
9.95
1.15
3.84
6.97
9.13
1.78
4.78
6.02
4.68
3.21
4.88
9.47
2.19
5.04
6.96
4.31
6.52
6.94
5.99
6.94
1.92
5.44
1.19
7.28
2.19
9.91
9.05
5.3
5.9
9.22
3.97
9.89
3.94
1.73
6.14
5.94
3.74
3.49
1.87
9.7
7.55
3.65
3.46
2.12
9.84
3.44
5.63
2.53
1.93
9.61
5.08
6.37
8.86
2.63
9.62
3.16
8.67
5.09
6.84
5.35
3.14
6.86
2.99
5.44
5.74
2.56
4.82
7.69
9.42
2.8
4.71
1.78
8.8
5.96
8.55
4.75
3.56
1.96
6.93
6.9
7.22
1.39
6.48
1.93
9.98
4.26
9.92
4.93
5.29
4.87
9.63
7.71
8.99
3.64
6.46
7.82
7.76
10.0
2.65
2.74
3.24
9.42
6.81
6.76
6.2
3.78
9.34
2.42
3.6
2.4
2.06
5.78
3.15
2.07
8.21
2.83
4.81
8.69
8.85
8.15
6.91
1.95
1.24
8.5
9.5
8.16
9.92
6.79
4.67
2.75
9.15
3.71
5.56
6.84
6.74
2.21
1.53
6.78
5.06
1.21
7.63
6.57
2.98
1.99
9.76
2.66
7.46
5.1
7.94
4.94
9.19
4.02
1.27
9.92
6.05
3.14
2.54
5.25
6.63
6.39
6.87
7.31
8.35
3.41
4.8
3.74
7.3
2.49
8.85
4.58
1.91
7.8
1.44
4.22
8.17
4.42
8.66
7.32
5.06
3.61
8.69
1.54
7.32
5.72
5.77
4.83
8.21
7.85
2.04
1.72
2.26
7.33
9.73
8.54
8.27
2.16
8.41
2.99
5.85
9.37
2.41
7.94
1.54
8.31
1.1
2.82
7.28
1.7
9.18
5.81
3.56
2.13
7.56
2.89
8.11
4.34
8.47
9.22
7.96
6.86
9.14
3.06
4.37
7.62
4.23
5.44
9.98
8.27
3.22
6.44
7.88
2.11
7.8
6.96
5.6
4.23
2.62
9.64
4.84
2.06
1.68
5.96
3.62
4.17
6.23
1.71
4.25
5.74
9.83
5.08
3.04
6.4
3.17
1.27
5.9
2.25
3.54
7.02
9.05
6.55
3.81
8.73
9.53
1.39
3.52
8.8
4.34
9.37
9.23
9.86
1.14
2.96
7.26
5.39
6.44
8.58
2.29
3.76
1.12
5.78
9.95
7.23
2.62
7.24
3.73
1.04
8.05
5.72
3.83
1.77
1.57
5.39
5.94
1.94
6.35
2.38
7.2
8.01
5.79
6.25
8.72
4.95
1.81
2.75
7.64
4.5
5.12
7.07
6.85
7.33
2.72
6.07
8.85
2.51
5.99
4.59
5.84
8.97
4.79
3.02
6.39
7.32
4.37
9.33
4.89
7.67
8.55
8.03
1.95
1.85
8.49
4.07
2.73
3.19
7.7
4.29
4.22
1.16
1.3
3.64
3.84
2.89
2.35
4.21
2.14
8.49
7.44
2.06
5.4
3.37
5.7
8.09
3.11
8.53
3.08
7.34
1.1
6.45
2.38
6.17
9.86
6.9
2.19
2.08
3.75
1.44
5.62
3.41
4.57
3.23
3.59
5.35
2.51
6.67
3.31
6.79
7.76
3.12
5.96
6.8
6.18
3.93
5.6
3.2
6.41
8.99
6.41
2.59
3.65
5.37
9.57
4.02
2.63
4.13
3.35
1.85
5.24
9.79
4.63
7.81
5.61
5.48
5.05
2.19
5.06
9.63
2.05
7.65
2.37
9.02
5.91
4.14
6.32
1.66
5.41
1.1
4.49
1.8
9.79
9.68
2.07
1.37
9.19
6.92
3.62
1.54
4.18
8.64
3.32
3.52
3.89
4.87
3.79
4.5
6.92
6.53
6.03
6.51
9.58
6.45
7.4
3.32
1.48
6.23
5.02
8.16
9.65
1.5
6.46
1.44
7.68
9.39
9.31
8.36
6.91
8.04
3.89
6.9
2.85
8.23
2.62
2.77
2.23
6.94
5.02
7.03
9.33
4.6
8.39
5.16
5.49
2.83
2.42
5.92
7.4
8.19
9.53
2.14
5.97
5.02
5.26
9.12
4.17
2.61
8.52
8.24
3.67
7.78
4.33
7.03
3.3
6.83
6.55
5.29
3.43
2.46
7.01
7.26
8.69
7.78
9.51
5.27
8.91
1.02
7.96
8.43
7.17
1.65
6.05
4.69
1.59
1.69
4.0
6.22
7.85
2.25
6.52
5.3
9.67
7.19
6.82
5.47
8.78
6.22
6.09
6.61
3.61
1.58
1.81
7.95
2.23
2.02
2.61
4.87
4.49
9.27
9.27
5.29
3.13
1.27
7.06
7.99
1.98
4.91
7.42
3.16
8.89
8.66
4.85
1.02
7.94
1.11
3.98
7.51
1.68
7.0
8.96
5.17
5.78
5.92
1.97
6.43
8.47
3.29
2.66
4.62
8.67
6.65
5.89
2.37
6.54
8.92
3.77
1.67
9.74
2.07
3.76
4.83
7.85
2.89
2.69
2.65
1.22
2.98
8.91
5.56
7.23
5.41
8.83
2.86
6.13
4.07
4.94
9.6
1.59
8.05
7.67
7.04
8.25
1.64
4.11
9.46
8.58
1.82
1.8
5.72
7.46
3.1
7.37
7.09
2.46
5.04
1.78
2.47
9.85
6.86
1.77
3.92
3.56
4.64
8.37
3.53
5.72
8.91
3.22
4.35
8.56
3.29
1.85
8.98
1.82
8.69
9.7
7.06
8.01
4.92
1.49
9.94
4.96
2.77
9.63
9.98
5.35
5.92
4.62
1.75
4.55
4.06
6.73
4.27
6.14
9.98
1.01
6.92
8.3
3.02
4.1
8.05
3.12
1.97
4.71
3.72
4.29
8.0
7.88
3.94
2.35
3.87
9.87
9.59
5.46
2.89
8.98
3.64
2.37
4.85
5.42
6.93
2.47
1.96
1.85
3.37
2.52
8.46
7.88
8.65
1.1
8.81
4.0
3.0
4.44
5.25
2.26
5.09
9.65
8.44
8.44
9.88
5.24
4.57
9.85
8.49
8.36
2.96
7.5
4.54
5.59
9.11
5.51
6.93
9.56
8.41
5.81
6.47
7.28
9.09
5.73
2.81
7.2
6.75
5.41
1.69
2.41
9.71
5.81
9.14
9.81
5.75
4.89
8.45
4.65
5.41
8.65
7.97
2.17
5.07
5.26
7.1
4.39
6.76
3.31
8.9
8.41
8.26
6.53
9.9
8.73
1.86
7.42
9.79
7.66
6.29
2.25
2.92
4.9
6.8
3.37
1.98
9.38
5.28
9.19
7.23
5.22
1.18
7.73
4.6
2.33
7.99
1.91
8.32
8.09
1.98
2.37
8.12
5.88
8.51
8.68
3.22
2.59
4.63
9.86
2.77
7.59
6.29
9.24
9.57
1.12
5.42
1.77
4.01
5.13
8.6
9.8
4.66
3.95
7.56
4.11
2.54
2.47
1.29
6.28
2.91
8.1
3.86
5.52
8.0
8.96
3.49
1.38
8.7
5.93
7.42
4.2
3.27
3.15
9.58
3.36
1.15
3.57
5.94
3.05
8.27
3.64
1.65
8.12
6.78
5.5
4.36
7.92
6.92
9.36
2.93
8.92
3.49
5.5
9.58
4.84
9.93
7.58
6.74
4.54
2.7
7.66
7.8
1.27
5.5
3.62
1.08
2.41
2.47
3.91
4.6
2.29
5.85
9.46
6.25
2.84
6.64
9.69
4.56
1.47
4.18
6.04
1.47
1.37
4.03
1.1
2.0
1.12
1.87
6.62
1.38
5.47
5.77
9.27
7.83
4.13
3.15
3.65
8.94
3.38
4.9
9.33
4.7
8.89
1.58
6.4
6.53
6.36
5.65
4.68
5.59
8.18
4.81
2.94
7.17
5.01
7.94
5.43
5.31
2.34
3.83
3.59
1.68
4.48
6.88
6.92
8.43
8.02
4.08
7.59
7.7
6.58
6.85
3.49
8.6
8.32
9.64
7.05
7.41
7.13
5.8
5.41
3.77
8.86
4.02
6.14
2.23
2.39
6.86
3.21
2.61
5.87
4.7
8.12
6.77
8.54
3.76
9.36
3.33
4.47
6.76
3.01
9.43
2.99
1.84
2.87
9.61
6.25
6.51
8.37
6.19
2.84
6.62
7.79
2.45
5.02
3.11
4.99
6.18
3.23
9.68
5.69
8.56
6.22
3.68
1.71
7.54
9.31
9.72
1.16
3.88
2.74
4.29
5.8
6.92
7.26
8.0
6.96
5.74
4.67
2.44
4.79
4.24
1.47
5.13
1.58
2.83
3.5
4.92
2.24
5.73
8.3
7.14
9.16
2.84
5.75
1.57
6.16
2.56
2.62
7.53
4.64
9.03
8.78
4.92
6.59
8.65
4.56
7.67
2.42
7.92
5.67
9.87
2.94
5.55
3.95
6.18
7.85
7.15
7.84
8.05
3.69
3.8
8.75
1.71
8.69
7.99
2.9
1.34
6.35
3.56
6.01
2.93
5.3
9.27
9.33
3.6
9.63
6.3
5.28
4.03
6.45
3.44
7.57
2.23
3.33
6.63
7.77
9.13
8.32
2.23
1.91
5.41
4.37
6.0
9.29
9.73
8.22
3.33
9.69
5.44
6.6
3.56
8.98
5.13
8.71
3.47
9.06
4.7
3.28
4.49
6.4
3.95
7.81
8.13
1.3
6.12
6.73
2.71
9.28
4.88
1.71
6.35
3.33
9.78
6.17
6.2
9.0
7.02
2.81
6.7
8.8
3.14
9.08
6.09
2.31
5.92
5.05
1.27
6.83
6.12
3.48
4.36
5.91
6.15
5.85
1.39
9.13
5.08
8.42
8.37
7.25
2.93
9.72
2.73
4.67
6.42
3.54
5.56
7.66
7.33
1.21
5.65
7.18
9.01
6.36
6.98
3.9
5.47
3.64
9.38
3.33
6.56
5.31
2.4
4.51
1.37
2.26
9.73
5.39
2.61
7.12
6.37
8.54
3.87
2.2
6.97
1.66
3.96
2.97
7.82
7.04
3.78
2.34
6.4
2.9
4.1
4.2
2.03
8.0
9.13
8.42
2.76
8.53
2.86
6.8
7.4
9.6
6.6
8.02
7.84
3.83
6.27
7.74
3.33
9.69
4.7
7.2
4.84
4.03
7.0
6.99
9.93
8.22
3.02
2.42
4.05
1.31
6.01
8.48
4.39
5.94
7.87
5.37
4.25
3.39
7.58
1.81
9.84
9.83
7.13
3.2
8.95
3.2
3.27
8.6
6.04
2.48
7.23
6.37
6.57
4.95
6.42
3.91
5.91
3.84
9.34
3.48
5.42
1.46
6.5
3.03
7.97
9.63
6.54
5.86
1.64
7.46
6.7
1.03
4.49
4.4
3.44
6.28
5.82
7.79
9.34
5.9
5.76
1.39
2.51
7.35
2.31
6.68
4.92
9.35
2.75
1.54
5.01
6.03
6.01
1.58
5.53
7.76
7.62
3.57
4.06
8.87
3.13
1.84
6.87
7.16
2.82
2.02
8.2
8.74
1.66
3.8
3.86
7.26
6.32
9.82
8.67
6.61
5.35
8.92
6.12
7.91
1.89
1.88
6.18
9.18
7.76
9.79
5.73
1.83
3.45
9.52
5.32
2.94
7.95
6.17
7.08
9.17
8.45
3.22
1.62
6.85
7.45
1.98
9.58
5.2
4.67
4.81
7.86
5.74
7.3
9.78
9.95
3.56
7.3
8.3
8.74
3.84
6.28
4.54
3.74
1.52
1.13
2.22
7.38
4.68
3.74
1.8
9.77
9.78
4.74
5.77
5.33
3.06
6.87
6.11
7.06
6.23
2.17
8.07
9.29
5.78
8.4
7.11
7.04
9.64
8.45
3.3
5.95
1.41
7.54
7.83
4.87
5.88
6.36
8.23
5.38
7.93
8.73
9.28
3.85
6.41
2.19
6.26
7.39
8.0
4.85
2.87
5.7
4.83
5.87
9.92
6.57
2.3
4.28
8.54
1.82
4.21
8.24
7.23
9.93
9.21
1.14
9.14
2.93
6.37
8.19
2.55
5.71
2.54
1.38
7.86
5.68
5.14
9.07
6.18
1.72
6.04
5.62
3.93
9.2
2.56
8.07
1.17
9.84
8.69
5.78
4.39
6.47
4.79
6.63
9.84
6.1
4.43
4.41
4.04
9.88
3.15
6.1
1.44
8.76
1.88
8.33
6.95
5.54
8.82
1.4
4.7
4.37
4.54
5.24
3.35
8.41
4.94
9.55
3.01
9.57
2.01
3.39
9.04
4.18
8.82
3.37
3.38
5.69
1.35
8.3
8.19
9.37
8.07
5.4
5.78
9.5
7.01
5.4
7.12
3.14
5.41
3.74
7.93
1.61
1.69
6.76
6.89
8.09
4.65
4.3
9.14
6.22
5.53
1.6
3.71
1.7
1.53
7.2
8.74
6.94
7.81
6.18
2.34
2.36
4.78
7.4
2.53
4.42
3.14
8.71
6.38
7.04
1.57
7.37
2.68
7.17
6.39
9.1
5.31
1.67
1.48
1.19
9.53
5.75
7.58
9.88
7.13
2.28
7.95
6.15
6.03
1.78
3.46
4.0
2.19
7.99
9.74
2.32
5.41
7.99
8.29
2.84
1.19
8.53
9.27
2.75
2.94
4.1
1.03
4.69
3.16
9.45
7.41
5.74
4.88
7.9
5.13
3.23
5.3
7.45
7.13
4.82
6.3
9.74
9.98
3.44
3.53
5.65
5.96
7.49
2.64
5.92
8.31
5.7
1.74
4.41
8.88
8.42
4.17
7.23
8.59
3.99
7.03
2.61
3.98
7.07
7.79
9.72
6.93
3.94
6.11
3.78
6.97
5.27
6.69
1.07
7.11
7.17
7.28
5.05
4.38
5.4
4.95
2.25
8.17
7.48
4.25
3.22
6.16
5.24
4.41
8.71
3.25
5.73
8.37
2.67
7.41
7.28
4.99
7.12
3.61
8.75
6.39
1.22
2.97
5.39
5.67
1.55
4.93
8.0
7.1
3.09
6.08
4.07
2.8
6.36
4.97
9.65
5.36
4.25
1.82
2.33
1.35
2.32
8.31
4.73
9.11
2.39
3.39
5.3
5.35
5.66
3.03
8.97
1.13
6.0
4.51
4.14
9.74
8.03
8.73
9.13
1.17
4.77
6.26
5.07
2.01
5.59
5.49
1.21
4.81
9.05
1.99
2.22
9.58
8.22
3.81
4.61
2.94
3.62
2.64
8.61
9.36
1.06
2.1
7.06
5.81
4.84
2.62
2.6
5.88
2.46
4.92
4.39
6.62
3.27
9.06
7.9
1.21
5.46
8.64
2.83
3.35
3.33
3.2
1.02
1.74
8.16
2.08
5.31
3.03
5.95
6.5
7.39
7.25
2.78
1.6
1.14
5.41
7.22
2.51
3.66
2.55
8.35
2.7
8.09
2.41
4.03
8.84
4.64
6.49
3.69
8.56
6.21
1.5
2.15
3.62
10.0
4.83
9.26
9.84
4.67
7.91
2.98
6.91
5.05
2.74
5.02
2.54
9.76
7.47
9.33
8.2
7.66
1.81
6.71
7.19
1.58
8.53
1.24
2.46
8.48
1.22
8.04
6.19
5.23
5.34
2.25
4.44
3.84
4.96
2.82
5.96
3.14
5.0
2.27
3.09
1.59
4.32
4.95
5.98
1.18
1.8
8.44
4.52
7.08
9.21
9.58
7.49
5.58
1.21
5.65
6.26
7.72
6.92
4.62
1.1
3.92
3.18
4.67
3.47
3.07
1.55
4.59
2.12
8.07
9.57
8.27
1.17
2.6
6.62
8.4
5.25
4.94
4.61
7.33
9.91
8.26
7.29
2.43
6.56
6.03
8.84
6.33
6.74
9.8
6.12
6.46
5.28
1.78
1.79
6.95
9.26
8.8
9.12
8.96
3.66
5.1
5.81
9.69
2.2
9.39
8.42
5.23
3.68
7.14
2.55
3.23
1.85
5.38
2.06
9.75
1.16
2.65
7.41
8.78
8.9
5.21
2.37
6.25
5.15
3.83
5.25
3.51
5.66
2.9
1.25
9.37
2.07
2.77
4.55
9.5
7.38
5.01
2.2
1.49
4.95
1.02
9.53
2.58
7.3
7.03
2.15
4.64
4.76
3.28
1.99
1.08
8.71
6.1
1.76
5.75
2.03
7.71
9.4
8.72
1.03
4.04
1.8
4.91
4.09
2.7
6.32
1.8
5.77
1.7
3.48
1.19
1.91
8.69
1.74
9.84
6.48
1.44
7.06
2.72
3.38
5.7
3.1
7.97
9.48
7.64
4.64
6.15
3.73
8.01
3.79
7.0
3.03
7.05
6.46
8.73
2.31
4.48
1.45
7.15
9.08
1.54
6.2
8.68
5.9
6.31
9.09
1.7
8.3
1.59
2.64
2.19
8.55
7.16
4.75
5.15
3.23
6.81
8.03
9.93
3.08
7.86
2.61
4.72
9.25
8.65
7.78
7.41
6.79
4.23
2.5
6.41
8.14
8.55
1.13
5.66
8.01
2.21
9.09
6.65
3.15
5.94
1.97
8.57
1.59
2.71
6.92
7.13
2.72
2.42
3.35
9.11
9.84
4.29
3.98
6.41
7.62
8.22
8.61
7.83
8.26
2.62
5.18
8.5
4.15
2.83
5.09
5.96
1.74
7.9
2.2
8.34
5.66
8.41
8.14
4.25
1.53
7.18
8.98
5.26
7.27
7.05
9.63
9.57
3.14
3.03
2.94
3.55
4.22
2.84
2.74
7.69
4.33
8.94
5.04
6.2
4.69
6.56
8.94
8.5
6.89
5.98
8.04
9.88
5.04
2.19
7.57
2.94
8.47
5.19
1.02
1.92
5.22
8.61
8.52
7.84
1.95
7.59
6.45
4.75
9.69
4.14
2.35
3.02
5.24
8.36
9.49
6.95
5.59
9.62
9.29
3.36
7.54
6.66
5.75
1.28
8.38
9.66
1.99
7.16
5.72
5.16
8.02
7.73
3.47
2.21
4.28
5.63
9.97
7.64
2.14
9.31
9.12
9.38
4.12
3.84
1.46
1.86
7.35
5.83
3.57
3.06
1.74
8.82
3.07
6.01
4.58
4.43
7.71
7.7
7.02
5.39
6.9
4.37
9.06
5.2
1.05
5.73
2.23
8.48
3.86
6.16
6.91
6.36
7.36
5.86
6.84
9.02
6.27
5.97
6.48
1.95
2.39
3.25
3.24
4.03
9.38
7.11
5.34
8.29
5.69
5.51
6.88
8.4
4.56
7.33
6.41
4.06
2.11
7.03
9.44
3.65
9.65
8.38
3.32
5.59
9.78
1.85
5.0
6.54
5.82
2.36
4.92
8.5
9.27
8.79
2.54
6.19
3.64
3.41
1.43
7.44
2.23
1.51
9.65
4.14
3.52
5.13
7.82
5.1
2.19
9.15
9.68
1.23
2.58
4.55
1.05
5.66
9.49
3.11
7.94
5.88
5.46
5.64
4.14
9.89
3.99
2.73
7.62
7.5
7.1
7.52
9.31
2.6
1.92
8.32
3.3
3.56
2.25
2.87
2.5
6.26
4.28
2.98
2.31
4.22
9.94
9.99
7.36
3.44
6.56
1.36
6.74
8.9
5.52
3.47
2.48
3.1
3.8
4.22
2.23
3.63
6.89
4.01
4.15
6.94
1.75
4.12
9.34
5.13
7.07
1.85
2.02
5.86
8.14
3.68
3.52
2.28
2.46
3.94
7.34
3.73
2.29
2.48
3.24
2.84
6.88
7.52
1.93
4.22
6.74
9.63
3.64
2.3
5.57
4.49
7.22
2.04
7.93
5.98
8.47
5.75
1.97
1.66
8.01
4.11
8.29
9.77
4.31
6.06
5.08
8.46
9.64
5.42
1.61
3.0
1.65
7.95
4.2
1.2
4.62
6.31
4.49
4.55
6.59
1.23
9.71
4.57
8.21
4.03
3.28
9.51
6.63
6.92
1.4
3.49
7.69
7.17
6.68
9.31
5.68
4.84
3.77
9.15
5.66
2.17
4.89
3.24
9.47
9.62
7.38
4.79
8.77
4.34
7.52
1.98
3.92
9.53
2.8
6.52
2.97
1.27
7.75
6.08
7.49
2.01
9.47
6.2
4.24
9.26
4.43
5.65
1.26
6.43
6.45
8.88
8.5
2.46
3.36
6.27
6.51
8.29
6.0
4.79
4.36
2.27
4.99
9.11
5.79
4.48
1.82
6.61
8.9
8.18
1.5
1.5
6.46
7.1
3.25
2.68
2.68
4.12
3.04
9.51
8.96
7.01
5.66
8.33
4.98
3.8
8.34
5.11
5.48
5.29
3.8
6.27
3.06
9.07
5.86
3.37
7.58
1.67
2.75
1.94
9.38
5.54
5.83
5.93
6.65
8.13
7.89
4.43
7.51
4.23
7.74
4.05
2.93
1.43
2.71
4.9
9.99
9.07
8.99
7.17
4.83
7.49
8.89
3.21
3.14
2.03
2.22
7.98
9.32
1.0
9.9
4.19
5.08
4.67
2.65
3.58
2.03
3.08
7.17
3.72
6.6
3.2
6.04
2.34
7.88
2.42
6.86
3.48
9.15
9.79
6.97
2.3
8.94
2.64
3.87
4.64
4.94
6.6
7.76
9.1
2.17
6.11
1.58
4.1
2.07
2.04
6.9
4.24
4.2
3.06
3.89
2.92
1.66
7.41
2.25
2.38
6.16
8.83
1.58
7.89
3.2
1.31
1.84
9.36
2.42
4.47
9.57
3.8
3.87
6.23
6.92
7.86
5.54
5.02
1.93
4.72
7.99
5.12
8.85
3.5
8.42
3.08
9.16
1.77
8.06
1.47
7.18
4.08
9.57
5.15
9.6
5.74
2.35
6.34
7.36
3.85
7.36
3.95
8.79
2.47
2.26
3.26
8.48
1.03
3.16
2.16
7.24
9.9
9.96
7.91
6.65
8.34
4.66
2.36
2.89
1.64
8.24
3.06
3.73
6.46
5.61
6.39
6.1
9.48
2.41
9.07
7.68
9.29
4.7
8.24
2.36
5.73
9.17
2.87
4.06
2.16
6.58
4.36
8.3
6.46
2.93
6.43
8.64
3.9
3.49
6.49
8.79
3.61
5.37
4.09
7.82
3.51
1.39
2.55
6.68
7.74
1.78
3.5
8.81
1.39
2.63
2.25
3.73
7.53
6.66
2.47
5.98
9.81
8.17
2.94
2.06
6.76
8.4
2.22
4.8
2.58
2.17
6.78
3.24
2.76
4.34
5.53
3.69
4.75
3.09
4.02
7.18
9.92
6.42
5.13
2.95
9.31
4.78
2.33
4.8
6.32
4.21
5.45
4.87
3.55
1.11
3.76
3.46
6.54
3.85
5.16
9.79
1.55
5.68
7.26
4.99
9.03
8.37
9.09
7.73
3.17
5.49
7.74
8.53
6.59
7.1
8.45
6.86
4.55
9.8
7.11
5.27
9.57
2.88
1.87
5.0
3.56
4.87
3.85
6.81
2.36
5.97
5.26
7.48
7.96
2.47
3.76
7.76
2.3
2.51
4.41
8.2
2.91
3.57
8.31
4.16
2.61
7.23
7.69
9.49
2.08
6.88
4.34
3.01
4.82
4.55
7.88
4.73
5.69
1.37
7.82
5.03
2.67
7.83
2.18
6.62
5.55
4.46
9.51
7.97
9.91
3.0
3.06
1.53
1.93
5.05
7.79
9.06
9.14
7.74
2.91
6.44
5.55
7.93
5.85
9.24
8.34
7.85
7.71
1.84
3.19
7.09
2.28
8.7
6.06
3.34
6.91
8.98
7.38
5.76
2.53
9.31
4.86
8.19
4.26
7.12
2.48
7.5
2.39
6.23
5.26
5.46
9.47
3.69
4.75
8.36
8.56
1.67
7.21
4.12
1.55
1.75
1.58
7.81
5.92
5.9
8.97
4.38
7.45
7.73
4.4
9.67
4.81
8.96
8.17
7.11
5.85
2.4
5.73
4.9
6.77
4.5
2.13
3.01
7.96
6.36
5.13
5.69
9.59
3.54
5.42
5.96
6.26
5.49
8.83
6.8
7.23
1.29
5.33
6.11
6.65
4.34
5.56
5.74
9.36
2.84
2.53
8.58
8.06
8.74
2.41
1.06
6.68
1.74
8.71
7.08
2.02
9.26
3.9
6.77
7.96
8.43
1.78
9.69
7.48
7.2
9.57
9.87
1.79
6.22
8.66
2.22
2.55
3.95
3.9
2.01
6.44
6.89
6.29
8.92
3.2
8.34
1.62
8.92
2.41
9.37
9.59
7.56
7.41
4.62
4.12
4.97
5.58
6.77
4.69
7.72
4.8
9.3
5.2
4.1
9.5
5.88
5.18
7.02
4.27
4.91
8.64
6.41
4.16
8.25
2.34
6.8
7.82
4.49
5.63
2.75
8.06
4.38
3.79
1.64
3.03
9.07
4.48
7.87
7.65
4.25
8.61
7.78
3.89
3.86
3.35
8.6
3.26
5.2
9.66
2.07
7.79
2.97
9.38
5.28
2.57
2.24
6.74
4.84
6.63
4.73
1.07
1.12
6.58
9.47
3.95
7.1
6.07
2.95
2.27
1.64
2.77
6.6
4.39
4.83
6.15
9.4
5.75
2.87
6.46
6.24
3.8
6.36
6.24
8.28
9.27
6.24
6.91
7.65
7.15
3.42
3.93
4.34
5.19
5.11
8.04
4.77
3.61
8.16
9.5
9.95
1.38
2.09
4.11
2.32
5.87
4.14
6.7
5.05
4.52
4.56
7.45
9.78
2.89
9.34
8.72
1.46
9.41
4.35
7.82
3.83
9.75
7.02
2.07
3.92
7.72
6.09
2.34
5.66
3.1
3.14
8.7
3.0
3.81
5.23
3.47
4.86
9.35
7.94
8.64
7.46
8.92
9.02
7.3
1.64
8.53
3.11
6.39
7.44
2.4
1.62
8.88
1.94
1.81
9.85
5.05
5.89
8.47
6.5
3.27
5.12
8.62
6.94
8.6
1.56
3.23
9.2
4.54
1.79
8.17
3.63
1.67
4.11
4.8
1.85
6.32
6.01
3.44
8.9
8.76
9.51
6.28
5.38
3.16
1.48
4.77
4.53
7.68
8.65
1.43
9.81
6.46
7.22
7.61
5.06
6.2
9.08
9.57
7.66
9.93
5.8
1.57
7.56
6.56
4.82
6.68
1.49
9.93
5.33
9.43
8.62
2.63
6.39
6.86
2.38
4.84
9.55
4.9
4.84
3.19
4.26
2.41
1.11
1.41
1.59
8.63
4.84
7.7
4.22
3.43
1.42
7.74
6.19
6.59
7.27
1.02
9.47
1.12
3.86
5.67
1.68
9.52
8.93
8.01
1.41
5.41
9.88
8.48
6.3
2.9
9.69
8.29
3.1
4.18
5.66
2.49
1.34
2.66
1.74
1.5
7.46
1.03
1.27
1.82
5.7
5.48
9.16
1.82
6.59
6.71
2.04
6.94
2.01
2.91
6.43
8.92
6.88
5.49
5.81
9.68
9.49
4.11
7.77
9.98
2.21
1.4
7.73
4.89
1.5
7.45
2.94
5.49
7.8
6.37
8.78
3.21
1.25
6.16
2.39
6.12
1.14
9.58
6.61
9.3
1.33
2.62
6.37
2.56
9.63
6.56
2.5
1.75
4.47
5.5
9.42
6.59
9.01
5.18
9.58
3.61
4.26
7.74
2.98
6.24
5.31
4.48
7.76
6.12
1.12
2.35
8.83
2.02
8.4
3.59
3.1
1.79
2.38
3.34
1.31
2.69
5.3
5.97
1.37
7.27
2.78
8.24
6.96
3.62
3.84
2.42
7.4
6.81
3.33
5.32
5.97
7.53
1.61
4.86
4.28
4.99
6.09
8.44
7.29
7.38
5.94
6.67
5.39
2.75
4.71
9.79
6.15
3.35
5.56
7.55
8.79
4.87
8.57
4.71
6.04
7.07
6.62
2.39
6.66
6.5
1.44
8.32
4.72
3.09
8.59
2.49
5.53
7.32
9.47
5.75
9.75
8.88
4.05
7.29
3.99
5.74
1.38
6.35
4.47
4.59
2.38
8.36
1.89
1.29
3.7
9.48
2.55
7.77
6.93
3.97
1.21
1.15
1.17
4.15
3.42
8.5
9.53
4.02
4.49
8.47
2.16
6.89
7.5
1.03
2.02
9.83
3.4
2.3
3.28
5.68
3.38
9.92
9.6
8.63
7.1
2.64
9.58
2.73
6.67
3.35
4.21
3.13
3.26
5.13
5.44
6.56
8.45
6.48
9.97
3.91
1.06
9.27
4.38
6.52
7.79
1.58
2.55
7.55
7.95
3.43
4.55
1.7
7.66
9.98
8.04
2.85
1.76
1.02
2.37
4.87
2.89
1.23
5.26
6.12
6.23
4.52
3.39
6.76
4.09
1.92
8.61
8.1
5.2
6.18
1.89
5.66
7.35
7.88
1.21
9.75
9.77
2.44
7.56
4.8
8.38
5.4
3.76
6.51
2.65
2.68
5.77
9.92
7.57
8.82
2.56
1.8
1.33
4.03
7.13
5.54
1.41
8.8
6.65
5.31
8.97
7.93
1.01
9.51
4.65
3.27
5.09
8.66
8.72
8.15
3.25
8.48
5.7
8.87
5.69
1.03
1.62
9.52
1.23
5.4
9.88
3.07
9.01
8.6
4.27
4.4
2.09
4.9
3.09
7.17
6.45
1.68
6.74
3.53
9.83
7.52
5.41
9.38
3.33
2.5
6.65
6.39
8.94
2.57
2.14
6.74
2.44
5.1
4.22
8.28
5.86
4.92
9.71
5.79
6.37
2.64
2.88
3.42
3.07
8.2
4.82
3.07
8.55
9.12
5.76
1.37
8.27
9.96
4.43
2.27
1.35
5.09
8.46
2.83
1.59
3.88
5.07
1.09
7.16
7.6
6.42
9.59
5.75
1.36
3.73
4.61
1.75
6.63
4.68
2.97
8.65
3.76
6.15
7.03
4.67
7.77
2.21
6.41
8.71
6.57
5.89
6.05
2.68
1.4
2.31
9.37
3.34
3.81
7.17
3.73
6.92
7.59
5.71
1.66
5.14
7.43
5.91
5.91
6.66
4.5
4.08
8.6
9.59
6.09
7.26
3.76
3.67
2.76
9.06
5.35
5.44
6.27
2.81
1.46
4.77
6.88
1.98
4.97
8.84
8.06
4.93
2.2
5.81
4.91
1.16
2.5
6.66
2.58
6.1
5.28
4.39
7.02
5.06
1.11
2.41
4.44
8.13
7.87
1.59
6.9
3.6
8.74
5.8
1.26
3.22
5.45
9.52
7.81
9.53
5.7
6.36
3.63
8.99
8.0
4.61
4.01
7.47
2.54
1.18
7.51
7.46
9.58
4.98
9.3
5.4
5.23
4.97
2.5
3.64
1.0
9.51
3.72
3.99
8.04
1.75
5.84
7.11
6.88
5.6
3.37
9.48
3.16
8.82
4.19
1.78
3.63
5.44
4.57
6.84
4.81
1.68
5.99
8.87
6.95
3.0
6.83
6.58
2.41
1.16
1.48
7.23
3.76
2.54
5.07
6.89
8.46
1.79
2.69
5.06
9.63
2.55
5.06
1.92
9.24
4.42
5.0
8.91
1.74
6.14
3.1
3.73
8.9
7.4
1.42
1.16
8.93
1.66
9.73
9.53
7.84
5.6
9.36
8.04
9.97
1.47
8.45
7.77
9.28
8.3
9.75
2.34
2.12
2.47
6.5
3.03
5.02
7.4
6.45
8.39
2.35
1.61
4.49
2.86
9.08
9.59
6.89
9.88
5.12
1.34
8.63
3.84
4.93
7.46
3.75
1.72
1.91
9.56
3.77
2.38
5.02
7.38
6.5
9.28
7.71
4.16
2.28
4.22
1.53
3.43
8.68
5.54
2.68
7.33
7.3
3.36
8.6
4.42
1.86
8.73
4.0
3.39
9.19
6.94
1.56
6.27
5.86
1.86
4.35
9.97
4.3
8.95
7.9
3.77
6.75
9.93
7.85
6.68
1.74
6.63
2.04
6.7
1.04
8.03
7.91
9.94
7.59
4.63
5.48
9.05
5.42
9.7
2.21
2.72
2.31
3.66
4.54
4.34
6.86
9.35
6.13
2.52
7.71
1.76
4.95
3.47
9.08
3.19
2.79
8.04
2.45
4.88
3.95
9.84
2.47
5.52
1.53
8.51
1.84
5.25
6.39
9.03
6.12
8.04
2.43
8.07
2.62
2.44
5.09
2.37
7.49
3.39
5.12
9.19
4.77
9.14
6.24
5.33
6.42
7.96
9.03
7.19
6.83
6.47
5.09
7.56
1.12
1.62
4.17
2.83
2.37
1.07
7.89
3.95
2.89
8.08
3.4
3.03
8.66
6.04
6.83
6.64
1.86
6.38
9.81
2.11
7.21
8.5
9.64
4.38
5.99
1.95
3.45
4.64
6.42
2.33
4.95
6.81
7.12
5.02
5.38
3.66
4.81
2.42
3.27
3.07
6.44
5.36
1.66
6.89
6.75
3.54
4.62
9.56
5.86
8.2
7.93
5.38
6.31
5.03
9.78
1.13
4.28
8.07
2.59
7.1
7.25
4.26
2.59
4.74
3.5
3.87
1.98
2.66
9.52
1.59
1.35
7.18
3.43
6.82
1.98
2.6
8.83
9.65
4.13
3.18
1.53
4.05
9.18
1.96
9.06
2.57
7.25
5.39
2.37
2.05
5.26
1.59
3.44
6.78
3.52
4.26
6.7
8.33
8.77
3.16
7.73
5.5
2.6
4.0
2.73
7.82
7.67
7.07
9.81
1.89
9.99
8.8
9.13
8.31
8.61
4.96
4.0
4.9
5.14
3.32
5.91
7.87
8.0
2.72
6.14
7.43
5.36
4.94
3.6
3.18
5.89
9.09
4.1
4.71
1.63
1.57
7.52
5.33
3.86
6.22
6.98
5.85
2.68
8.18
2.06
8.9
9.81
5.78
6.66
4.92
4.93
4.57
5.0
8.7
1.61
5.58
4.68
2.21
1.08
3.23
9.28
1.5
5.07
1.5
8.43
6.54
1.58
7.66
5.48
2.97
2.46
1.0
5.89
2.15
5.04
6.55
9.44
1.97
3.87
9.89
6.25
7.5
8.25
9.51
7.04
5.47
8.49
2.95
2.26
3.95
6.68
3.0
6.48
1.95
8.17
3.09
2.13
9.02
6.85
9.44
4.24
1.35
9.4
8.13
2.96
9.45
8.86
4.9
5.2
2.73
9.82
1.75
1.82
6.81
5.23
5.17
1.99
6.78
3.58
1.3
5.69
5.99
5.52
4.55
8.97
7.17
9.97
1.25
7.66
7.76
6.93
3.93
2.17
3.87
7.81
1.09
6.41
2.44
8.42
9.86
1.74
4.58
7.55
6.68
7.58
5.13
8.15
1.74
3.98
3.83
9.1
3.5
3.16
2.86
5.78
6.25
8.54
8.03
9.26
5.86
9.89
5.81
8.24
7.94
6.28
2.68
8.12
2.22
4.19
7.33
2.07
4.79
8.22
3.58
1.27
5.57
2.14
3.15
4.54
2.54
3.39
9.41
1.48
5.82
6.55
9.66
9.3
3.67
6.53
8.43
2.07
8.51
3.34
8.11
5.31
7.55
8.83
6.63
3.5
3.57
4.79
4.12
4.48
8.46
4.72
1.84
5.11
4.7
7.92
9.3
5.12
2.1
6.79
6.18
6.57
3.25
7.63
2.27
5.95
7.48
7.16
4.74
3.21
4.33
2.01
2.27
9.05
6.89
6.67
1.4
2.11
8.57
9.03
3.04
6.03
9.95
5.09
9.79
6.81
6.78
8.5
8.34
3.05
2.32
1.99
6.63
6.57
9.86
4.02
8.02
2.56
7.27
1.85
7.65
9.17
1.28
2.86
5.15
5.89
4.76
9.54
5.95
2.29
7.44
5.35
4.53
9.5
9.35
9.59
1.77
4.55
5.0
8.68
6.97
2.06
1.47
6.11
4.74
9.12
4.35
6.92
7.57
2.68
5.35
4.49
3.82
9.67
1.76
9.0
6.41
3.2
2.57
5.84
4.15
4.65
9.68
4.2
7.6
9.89
3.07
1.13
2.66
9.79
9.4
8.45
2.64
8.01
5.19
2.6
8.35
5.36
9.24
3.86
1.46
2.28
1.45
5.6
6.43
8.44
7.17
9.29
9.07
4.96
4.96
6.53
1.41
6.32
8.2
9.18
8.52
9.32
9.12
5.62
4.1
3.35
3.44
1.18
9.14
8.25
7.32
6.32
2.17
6.25
1.7
9.06
2.32
2.49
7.15
3.36
6.38
3.9
6.33
5.98
1.97
5.34
8.13
4.32
5.78
1.24
1.4
5.22
6.43
4.47
2.87
6.64
3.15
2.32
9.33
6.53
1.91
5.43
6.88
7.49
4.5
2.94
9.56
8.72
7.21
9.22
9.47
6.35
7.13
9.29
2.15
7.03
5.74
3.05
1.35
7.39
1.66
8.94
1.46
4.7
8.14
8.95
9.46
3.26
6.67
8.08
7.07
5.58
9.91
6.13
7.81
4.52
9.95
2.03
7.27
7.29
4.47
1.04
4.92
7.04
9.74
3.79
5.99
2.38
5.58
2.91
4.48
6.94
6.23
7.97
5.64
6.73
7.38
3.92
2.51
1.46
1.31
4.56
4.48
4.17
1.66
5.66
9.15
1.04
8.36
6.56
2.21
1.36
4.16
5.37
6.16
4.77
1.22
3.12
6.84
6.62
2.19
1.72
4.57
7.45
1.25
1.43
8.74
6.25
7.25
3.63
5.59
6.45
7.7
3.91
3.9
3.63
3.24
3.96
1.95
9.54
4.65
7.05
2.16
3.12
5.21
5.49
8.71
2.6
7.5
8.93
1.67
4.57
5.47
7.26
7.8
4.35
1.07
5.28
6.47
1.21
1.9
7.23
2.43
9.33
4.4
6.49
4.13
9.81
1.18
4.98
5.89
8.68
2.77
8.75
1.46
3.66
1.11
1.08
8.11
2.82
6.21
3.21
4.36
2.12
7.48
7.28
1.74
9.74
3.82
4.77
9.22
9.87
3.04
8.41
1.11
2.09
6.87
5.7
7.18
2.53
9.23
7.47
1.18
7.45
3.65
6.75
8.69
5.35
5.38
4.24
1.21
8.96
6.74
8.49
4.21
8.96
9.75
5.88
5.08
9.79
5.38
1.89
8.35
4.97
1.5
2.82
3.12
5.04
4.63
9.7
2.61
3.77
4.99
9.24
3.02
1.95
3.33
7.48
6.7
2.28
8.33
9.22
8.41
5.29
5.78
1.71
5.79
9.92
5.56
1.37
1.97
2.18
6.66
5.82
4.86
3.93
5.14
8.96
8.44
1.36
6.7
8.37
8.65
9.12
5.72
9.57
3.67
4.79
8.87
3.62
7.96
8.83
3.58
4.46
2.07
8.19
7.96
5.61
5.29
1.07
2.22
2.3
8.64
9.58
3.87
5.81
4.72
7.22
7.34
5.9
4.6
3.78
5.17
1.9
7.88
4.89
1.95
5.69
7.27
1.95
1.41
5.97
8.83
8.81
6.36
6.91
5.74
2.04
5.13
3.53
4.91
9.2
4.06
2.97
5.2
6.86
7.22
9.52
2.12
7.79
8.27
9.98
8.42
3.65
8.23
2.08
4.39
2.44
2.02
7.83
2.93
4.56
7.92
9.29
4.34
2.29
3.47
6.54
2.78
4.1
6.13
8.86
5.23
7.15
7.81
9.98
5.8
4.36
5.21
2.38
6.57
5.51
2.69
5.04
3.66
8.39
8.62
6.09
1.77
1.97
5.31
9.84
5.37
1.35
7.21
6.5
9.74
4.89
2.15
6.94
7.44
2.37
5.4
3.31
4.58
1.27
1.96
8.05
3.65
4.69
7.31
8.1
7.58
1.75
4.01
8.85
1.11
9.29
5.56
6.79
9.37
9.4
4.82
5.76
3.96
9.81
3.97
9.27
4.55
3.29
9.0
9.12
7.99
2.18
8.23
9.45
4.5
4.12
5.51
7.38
5.81
5.3
5.53
1.23
7.68
1.1
2.86
3.42
1.31
1.41
9.73
6.01
7.47
3.94
1.46
7.79
8.16
1.46
1.71
8.22
5.05
9.79
1.89
6.08
9.32
8.53
7.35
8.02
5.09
6.72
7.27
6.48
3.57
9.5
6.72
4.6
2.87
1.58
7.72
6.91
1.87
1.01
4.5
4.25
3.17
3.84
6.93
3.72
1.58
6.41
5.23
9.94
5.6
4.31
9.3
7.66
8.78
4.3
3.12
3.76
1.71
6.75
5.49
5.71
2.33
1.38
4.99
7.84
6.04
9.53
9.4
3.18
8.04
2.45
3.47
4.05
7.86
7.83
1.6
1.42
6.81
3.73
6.23
9.28
3.16
7.52
8.65
1.24
5.79
9.39
6.86
6.08
1.3
7.46
3.63
4.49
5.63
8.81
4.32
4.49
8.78
6.42
3.54
9.04
9.29
8.92
9.66
8.65
7.37
6.35
5.96
4.46
5.64
4.76
4.32
2.33
2.56
8.92
1.43
7.99
7.77
8.12
6.51
5.74
7.4
4.04
7.64
1.94
7.83
8.49
4.82
7.86
5.83
9.65
7.73
1.99
7.03
9.17
9.38
4.41
1.78
3.79
5.5
4.93
2.89
4.07
7.89
8.59
7.81
3.66
1.59
9.1
5.1
1.67
6.11
3.03
6.08
2.24
5.2
4.34
9.19
6.07
2.11
8.57
2.56
5.35
7.37
5.53
5.24
3.02
2.52
2.26
2.45
1.53
6.39
7.78
6.24
9.22
4.63
6.72
8.53
9.25
1.98
3.25
6.99
9.6
7.25
1.54
9.99
3.71
9.57
1.48
3.82
6.73
3.22
2.46
7.28
5.2
7.95
8.42
4.15
1.52
8.77
7.09
3.31
5.85
2.86
4.75
6.92
5.07
3.89
4.11
7.31
9.73
2.93
5.59
3.09
2.75
8.77
8.67
3.01
3.89
6.19
4.17
1.12
7.24
3.57
7.4
1.43
4.95
8.78
6.63
7.93
4.88
3.88
6.53
9.96
8.53
6.75
3.86
2.26
7.7
2.42
9.14
2.92
7.42
9.16
7.19
8.27
3.41
3.53
1.45
6.9
4.52
5.83
4.07
2.93
9.11
6.85
1.75
8.85
2.21
4.32
1.36
2.87
3.74
2.75
6.66
6.58
2.22
9.18
9.6
4.24
4.69
8.72
3.71
2.88
1.78
7.2
7.83
9.4
1.86
8.71
5.23
6.77
3.09
9.27
4.54
3.98
4.68
8.5
6.38
9.31
4.16
6.76
9.19
2.21
9.77
8.45
5.57
6.29
5.85
4.26
9.39
8.91
1.34
6.68
8.96
6.67
1.33
8.34
7.57
1.45
1.34
9.79
1.17
4.33
2.55
8.69
9.31
7.23
8.1
1.23
9.45
5.8
3.91
7.36
5.72
3.65
2.84
5.87
6.17
8.99
7.15
7.15
9.01
5.75
6.22
3.98
5.21
5.87
8.76
9.44
5.62
4.12
1.77
4.74
6.34
9.26
6.59
4.4
4.52
4.93
6.62
1.63
1.3
6.8
7.21
7.2
4.2
4.95
8.1
5.82
9.79
8.09
4.1
2.05
7.0
2.14
5.83
9.08
2.97
1.27
3.64
6.52
3.42
3.02
3.44
8.73
1.9
9.79
5.63
2.29
7.87
4.61
6.08
4.35
5.46
1.56
2.9
9.11
1.82
1.34
4.41
9.68
3.77
1.81
6.48
5.98
3.81
9.21
5.84
3.09
9.86
3.93
9.38
6.05
6.1
6.87
6.22
2.25
9.93
8.28
3.06
4.23
3.99
4.85
4.2
8.12
2.39
6.88
1.78
4.99
5.06
4.22
6.49
6.31
2.94
9.7
8.49
6.17
5.77
2.46
1.51
3.91
5.34
5.68
4.66
2.35
8.55
5.79
2.07
4.92
4.08
3.7
6.4
9.51
9.87
8.6
1.71
7.58
2.6
8.19
7.78
9.07
5.36
1.61
7.77
6.06
1.25
8.84
3.24
6.29
4.22
8.16
2.01
6.75
3.11
2.32
1.31
5.38
6.4
5.34
2.09
5.74
3.6
8.37
4.45
2.49
3.92
6.41
3.69
6.36
2.52
2.5
7.04
6.39
7.19
7.34
8.41
1.77
3.42
7.32
7.52
4.75
9.76
2.42
2.84
5.07
8.72
7.52
3.2
1.55
1.14
1.11
9.81
7.69
3.52
4.83
7.78
4.91
1.34
9.13
7.19
7.42
9.44
3.39
3.14
1.25
7.7
3.22
6.71
5.93
8.07
1.38
3.44
2.45
5.63
2.5
6.22
9.65
9.58
8.46
5.09
5.28
5.2
4.03
5.94
9.4
2.03
2.88
5.68
3.13
4.6
3.74
4.93
4.19
5.44
7.54
6.39
8.57
8.06
2.86
1.97
3.82
6.99
6.59
4.02
3.87
4.81
3.05
9.87
7.51
5.73
6.72
6.66
1.08
5.99
8.12
7.05
6.92
8.39
8.03
2.08
6.87
2.09
6.17
9.23
1.27
7.1
9.6
6.75
8.92
3.46
1.58
7.6
7.79
3.56
2.99
8.97
1.33
5.29
2.7
3.93
1.65
6.71
8.88
7.93
4.19
5.95
6.63
8.35
4.4
6.68
5.21
6.86
3.01
1.76
1.33
6.65
1.73
9.86
5.05
4.88
8.33
3.1
9.54
2.64
8.13
5.49
8.35
3.77
8.68
8.26
1.14
4.86
1.08
9.57
2.66
7.79
1.4
1.04
8.98
8.11
3.16
7.11
9.67
9.46
3.52
3.27
8.48
7.31
2.91
3.76
7.9
1.58
4.49
1.21
6.94
1.49
5.78
4.51
5.51
5.96
8.37
5.28
9.66
2.78
5.38
7.66
3.38
2.96
3.23
6.58
9.11
1.9
6.04
7.67
8.67
1.0
5.04
5.58
5.31
9.12
1.66
9.14
1.03
1.36
7.11
8.52
3.56
4.23
8.54
1.88
4.81
6.56
1.15
8.02
4.92
7.23
8.82
3.47
5.26
9.24
7.65
2.65
3.52
6.8
5.54
8.89
3.34
6.23
2.25
2.98
9.96
9.7
4.88
7.47
5.22
9.43
2.72
1.04
4.07
9.55
9.34
7.04
6.39
2.41
8.77
9.23
5.47
6.91
3.89
6.95
4.0
3.44
3.18
3.86
5.16
1.83
9.27
2.42
6.84
9.72
7.46
5.14
9.72
2.51
7.88
1.51
6.88
3.35
1.33
9.38
9.43
8.31
1.73
2.19
4.25
7.85
4.46
1.98
3.44
8.38
9.1
3.63
7.84
8.93
3.35
2.8
3.27
1.01
5.65
8.48
1.51
4.06
5.48
3.32
5.15
5.1
5.78
4.21
3.49
9.01
4.96
7.77
6.49
8.46
3.49
7.13
1.06
2.53
8.9
3.44
1.5
9.15
5.22
1.85
6.54
1.81
3.48
1.85
8.73
8.75
9.47
2.62
6.92
5.38
8.04
6.26
6.29
7.37
4.54
3.84
7.16
8.96
2.05
2.61
5.6
2.73
4.76
5.38
6.97
5.53
1.36
1.07
4.05
3.97
5.7
4.85
5.55
7.46
3.05
9.26
5.81
8.2
7.69
9.45
4.79
4.23
7.98
6.77
7.03
9.15
9.06
6.03
5.37
4.25
9.31
7.32
5.85
2.04
6.16
4.13
6.6
5.3
4.36
7.99
7.46
9.62
3.9
4.34
4.01
7.76
2.12
4.7
8.3
9.84
3.66
7.59
8.53
1.41
4.91
4.98
5.58
1.74
1.93
7.08
2.97
8.93
6.88
6.3
2.71
8.35
2.49
3.49
2.93
6.86
2.52
9.97
4.13
7.77
9.59
7.57
1.99
1.91
4.27
4.95
6.33
6.66
5.54
8.59
6.61
2.21
7.95
3.62
4.88
4.06
5.97
9.37
7.08
4.69
7.25
9.09
8.0
6.13
6.39
7.98
2.53
9.48
1.45
2.9
5.79
7.91
9.68
3.61
9.35
4.94
6.84
6.68
2.96
4.93
4.49
5.49
2.89
5.63
6.74
6.51
7.75
9.13
6.5
8.39
7.18
3.51
5.9
5.35
4.7
8.68
8.67
2.96
5.99
9.79
9.7
8.26
7.45
8.65
2.19
7.44
3.95
5.42
7.77
1.0
3.42
5.19
1.34
7.02
9.42
3.75
9.28
4.6
7.99
8.44
4.76
6.92
2.95
7.07
3.6
1.9
8.75
7.28
2.73
6.71
1.36
3.98
8.02
3.99
2.26
6.57
4.75
2.19
2.12
3.25
9.41
4.04
5.94
8.98
2.6
3.22
8.77
3.0
3.3
4.51
7.33
9.22
9.05
8.8
4.98
1.64
7.64
3.51
8.18
7.9
6.87
7.52
7.29
8.9
8.06
5.56
2.12
2.17
9.82
7.19
8.68
1.59
6.07
1.89
5.57
4.25
3.44
3.0
2.19
1.06
2.33
2.77
6.22
7.15
1.4
4.05
4.0
7.62
1.71
2.1
6.81
3.1
8.34
7.2
8.57
2.12
5.42
6.11
7.22
2.35
7.37
7.48
9.74
2.74
8.29
5.26
8.01
1.34
4.99
8.09
5.88
8.74
1.82
3.18
7.06
9.59
2.15
2.79
2.35
2.32
3.52
2.93
6.19
9.92
3.3
4.86
3.25
8.81
5.08
1.93
4.05
2.23
6.07
3.16
2.37
5.77
6.42
7.63
6.57
2.75
2.32
5.33
3.96
5.02
1.96
3.47
3.11
5.1
2.51
5.12
6.31
4.01
4.61
5.65
3.84
4.81
1.23
3.33
8.22
1.35
5.56
4.92
9.62
1.34
8.28
9.75
1.62
3.81
3.18
6.58
9.8
2.94
1.55
6.57
7.77
1.92
1.38
3.05
8.49
8.78
2.24
3.24
7.04
4.01
2.36
3.19
6.75
8.12
6.61
1.38
2.16
5.64
7.54
7.85
7.22
7.37
1.89
7.89
9.72
9.08
3.82
3.14
4.97
4.19
5.09
1.15
8.61
9.14
5.52
3.87
9.96
4.92
5.59
9.7
2.47
3.31
1.53
9.52
5.51
7.25
4.44
1.56
2.57
2.46
9.43
8.72
1.36
8.71
9.78
6.51
2.78
6.56
5.88
3.87
6.28
1.8
9.72
2.61
5.38
3.48
7.7
9.45
4.7
7.5
8.64
8.47
3.21
1.65
4.88
4.87
6.26
3.9
2.74
7.98
2.69
9.3
2.07
3.16
5.78
4.38
6.18
8.59
4.96
3.49
5.37
8.72
3.97
7.38
1.71
4.31
9.26
1.9
2.87
2.77
4.61
7.11
7.99
6.75
1.67
3.45
1.35
4.7
6.2
8.01
4.01
4.05
1.27
7.9
5.96
9.78
5.18
1.42
8.66
8.61
3.37
3.12
5.61
5.85
3.9
8.0
8.84
9.63
9.22
6.33
2.35
8.68
8.27
1.25
4.62
5.99
9.45
8.34
9.91
1.36
3.58
7.41
7.22
6.23
4.47
5.34
2.96
8.29
3.58
6.65
5.84
8.51
9.4
5.33
8.77
6.22
5.71
6.77
5.72
5.32
8.2
3.99
3.03
8.98
2.42
8.0
7.83
8.74
8.93
8.48
8.99
7.66
7.8
3.83
9.08
6.69
5.4
9.71
4.07
3.34
1.04
4.49
9.63
2.15
3.45
4.77
7.27
9.52
6.18
4.49
4.91
9.16
8.37
6.95
2.89
3.03
5.9
5.87
2.1
3.17
2.93
8.58
9.83
4.27
5.53
4.62
1.74
8.31
6.23
5.14
2.56
3.05
6.0
1.76
9.85
8.36
2.79
4.73
6.34
9.57
1.56
1.58
4.49
7.0
9.17
7.78
5.24
8.34
5.47
5.89
7.29
3.26
2.65
1.14
5.1
3.44
8.07
7.5
7.38
9.37
8.1
1.02
2.8
1.61
8.09
6.39
6.91
2.34
2.5
7.71
9.89
9.78
2.41
6.9
9.52
1.89
6.82
7.64
1.62
7.85
2.5
1.33
6.38
9.27
4.51
9.18
2.52
6.76
7.21
5.07
9.69
2.44
9.98
8.14
3.74
9.54
6.54
4.74
1.42
8.93
1.28
2.4
1.72
6.6
7.16
3.81
1.07
9.94
5.46
6.58
7.57
5.97
7.84
8.46
3.64
5.44
8.0
1.58
6.84
5.3
6.57
7.52
4.16
4.19
8.47
3.13
9.78
6.02
3.56
3.48
4.77
5.93
5.86
4.26
5.34
8.13
3.82
7.12
9.47
6.74
7.9
1.42
9.72
3.69
6.2
3.35
2.66
3.7
4.39
3.86
9.42
3.85
4.87
2.79
9.12
1.33
5.87
4.57
2.67
4.49
4.36
3.81
2.57
3.74
9.53
4.75
5.29
2.96
7.39
1.04
8.05
1.32
5.44
4.61
2.87
3.12
1.66
8.54
2.69
5.15
6.63
2.25
9.31
2.37
8.27
2.76
4.83
4.07
5.7
9.83
2.17
9.73
5.58
6.2
8.25
5.81
4.45
9.75
3.72
1.46
9.26
1.61
9.94
5.38
2.21
6.38
1.68
7.15
7.12
6.25
7.32
3.83
4.26
2.92
6.88
7.7
9.85
7.39
8.32
3.8
1.62
9.13
7.05
7.52
3.07
9.88
7.17
1.18
7.32
7.31
5.07
8.15
6.72
9.12
8.24
6.29
3.39
6.57
8.99
7.29
6.95
10.0
8.7
9.85
7.62
8.54
1.05
4.4
1.07
1.06
9.57
9.11
6.08
9.47
7.93
6.75
4.34
8.53
4.27
1.85
4.6
6.57
9.7
5.01
3.75
4.12
4.08
4.57
6.77
8.82
6.62
3.92
4.98
6.55
5.11
6.99
5.43
2.74
6.06
1.54
3.85
1.91
6.14
5.97
5.86
3.23
5.47
7.28
4.05
5.32
5.0
3.38
9.53
7.13
4.04
9.19
3.85
7.5
5.33
3.33
3.1
5.02
8.35
7.85
7.38
3.81
6.0
2.62
8.89
2.06
4.68
9.55
1.83
3.75
9.14
2.93
8.95
5.71
4.89
8.79
7.55
7.02
8.5
4.24
8.58
8.91
9.87
5.3
3.92
6.7
5.25
2.52
2.66
8.36
4.32
5.91
9.62
2.38
8.66
3.44
5.8
7.52
2.62
6.72
6.71
1.57
4.06
6.54
1.94
8.56
7.55
9.18
4.24
2.45
8.05
5.93
5.78
5.76
5.64
9.91
2.26
5.54
3.98
8.81
2.01
6.06
9.76
7.3
8.14
9.64
8.06
6.08
8.2
6.13
7.27
2.42
7.68
6.09
4.59
8.97
6.02
5.23
2.26
5.92
2.56
2.54
8.65
3.04
1.55
8.51
3.98
9.99
6.74
6.38
5.82
5.16
8.58
2.08
4.42
1.66
5.41
6.21
2.14
2.76
2.48
7.59
3.29
1.43
4.56
7.91
4.43
7.52
4.94
1.96
9.15
3.05
2.51
8.61
3.85
1.05
5.93
5.04
7.27
3.55
4.59
5.61
1.79
1.59
3.03
9.73
2.36
9.92
4.24
6.88
2.8
5.1
9.01
6.71
6.41
3.97
5.57
6.38
9.03
9.29
5.94
2.79
3.38
8.03
4.57
8.03
2.35
6.47
9.27
3.97
2.82
2.0
3.7
4.8
3.61
6.03
4.72
6.11
8.04
7.68
3.25
4.17
2.77
7.82
2.46
5.21
4.64
1.82
9.47
3.47
9.42
4.98
3.29
3.72
9.97
4.92
1.45
3.36
2.02
9.66
1.9
4.48
2.03
4.41
6.64
1.15
9.62
4.36
4.77
2.38
2.44
8.34
6.21
3.29
4.61
2.72
6.66
9.47
5.99
1.05
2.69
9.2
5.67
4.23
1.39
3.14
6.56
5.25
9.91
8.49
2.05
7.72
6.89
4.27
6.08
3.89
9.81
1.12
6.88
1.22
2.9
1.77
4.95
2.92
2.67
9.29
2.2
1.43
7.45
3.2
3.89
7.8
7.25
7.1
2.44
7.07
8.6
6.02
4.48
9.99
6.47
7.33
2.45
2.57
1.61
2.52
6.43
4.47
4.32
6.62
3.55
5.4
5.52
3.04
4.96
5.06
3.53
1.47
1.53
1.59
6.08
8.49
8.66
7.94
7.13
3.97
9.36
6.48
8.45
4.07
6.15
1.06
9.12
3.79
9.38
8.82
1.75
1.32
3.56
4.65
7.81
4.15
9.56
9.12
4.52
9.63
1.02
3.33
7.65
8.04
6.36
2.36
2.32
4.41
8.37
7.21
1.22
1.34
8.82
2.03
7.33
5.68
6.92
8.22
4.84
4.81
4.88
7.46
8.61
2.37
3.54
2.5
2.91
4.57
7.03
3.22
1.27
3.49
5.37
5.56
1.4
3.43
7.51
7.29
9.97
2.94
4.37
6.5
1.53
4.85
8.53
7.76
9.5
6.43
2.74
1.69
6.39
2.78
1.79
8.11
8.67
7.8
3.38
5.73
7.1
4.19
7.53
8.3
8.18
3.79
1.17
6.01
6.94
3.23
4.48
8.08
7.05
7.92
4.58
6.77
3.92
1.91
8.41
9.92
4.91
6.66
6.75
5.67
9.22
1.23
2.49
9.34
9.05
7.0
1.22
9.15
3.21
7.61
3.06
1.68
3.47
7.9
8.49
1.18
5.25
6.61
6.6
2.75
2.04
7.36
5.13
4.42
7.68
2.34
8.12
1.44
1.63
3.31
6.29
3.49
7.33
4.02
6.41
4.37
5.71
5.92
3.79
2.64
8.44
6.19
1.28
3.11
8.84
8.73
3.92
8.53
5.22
8.22
7.89
8.81
3.09
7.03
1.1
1.5
7.88
9.87
4.39
8.97
3.12
2.15
9.56
8.37
9.2
4.14
7.31
4.75
3.81
4.61
7.34
4.41
9.58
9.12
6.06
9.37
2.74
1.55
6.67
3.16
5.38
7.59
1.27
2.54
3.91
3.93
3.09
5.51
5.94
9.74
9.16
7.15
4.53
1.89
5.67
1.9
2.05
4.59
7.55
9.9
9.94
6.91
9.36
7.82
9.31
6.9
2.26
1.92
4.62
5.73
2.39
4.79
1.39
7.03
4.06
5.42
6.96
8.28
1.52
6.91
6.48
8.86
9.38
6.79
4.95
6.58
5.77
5.39
7.98
8.84
3.41
6.15
3.92
9.93
1.23
4.22
8.23
3.45
3.23
8.44
3.61
6.08
8.52
2.9
8.53
5.06
8.32
7.4
9.87
3.0
1.86
1.72
6.82
7.42
5.0
5.3
2.21
9.37
7.72
7.99
9.01
9.5
8.0
4.11
4.69
9.01
1.49
4.38
2.05
1.93
4.08
9.91
6.86
8.25
8.05
1.72
2.81
3.36
5.8
1.22
8.36
7.7
3.46
5.04
2.52
7.29
1.7
5.65
4.34
2.4
1.3
8.3
9.82
6.54
9.37
5.21
4.9
4.6
2.04
5.58
4.65
5.43
2.41
8.25
3.56
2.57
5.47
6.45
5.25
8.12
9.93
7.54
4.64
9.46
5.91
7.68
3.23
9.1
3.9
3.22
7.15
7.48
8.36
2.79
9.74
8.75
5.93
5.99
6.41
4.35
1.25
4.62
4.34
1.12
4.75
6.07
1.3
9.67
5.64
3.33
8.08
1.62
8.87
4.36
5.77
7.47
7.67
7.93
7.39
6.81
8.22
7.73
1.26
8.19
9.78
6.61
7.79
3.67
6.37
4.74
2.55
1.56
3.99
4.15
5.98
9.42
2.16
8.71
8.54
2.1
5.4
5.82
6.32
5.75
6.47
7.28
2.73
2.85
6.56
5.82
5.66
6.95
4.21
5.04
2.53
3.22
4.82
5.55
1.65
4.56
8.02
8.23
4.44
8.19
2.32
3.36
1.41
3.21
8.27
9.13
9.56
6.73
3.25
3.16
9.27
3.46
8.22
5.16
7.53
3.82
3.35
4.3
7.5
1.5
4.44
3.62
2.17
8.63
7.98
1.92
3.51
5.08
7.28
6.73
2.91
1.4
8.87
3.61
1.87
2.1
2.65
9.44
4.64
9.91
7.72
1.13
1.2
1.82
2.23
6.33
4.45
8.78
7.99
3.75
3.82
6.77
2.8
8.25
3.75
9.09
4.38
2.88
7.56
5.17
9.82
8.32
2.98
7.31
4.21
8.58
9.92
9.84
5.56
7.37
6.09
2.5
6.85
8.0
2.47
1.98
1.9
6.75
8.29
9.25
8.0
1.91
7.46
5.1
1.99
2.82
7.57
3.46
1.69
7.21
4.69
5.05
7.05
9.83
7.86
4.8
3.52
5.21
6.12
5.07
7.49
3.12
4.68
5.04
8.97
3.75
7.52
4.61
9.14
4.96
1.99
2.69
5.7
2.67
5.2
9.7
2.05
4.4
2.14
8.87
9.58
4.12
6.28
5.16
2.34
6.06
7.95
1.16
7.05
7.04
7.49
1.88
9.2
4.0
9.76
4.05
3.4
7.45
5.16
8.07
9.89
4.87
9.49
1.8
9.19
9.33
5.66
1.11
6.53
7.89
3.74
3.23
6.68
9.63
3.07
5.55
3.94
5.09
3.95
8.47
7.35
7.76
8.33
5.79
9.08
1.14
9.8
2.5
7.17
6.76
6.24
5.13
1.39
3.15
3.41
4.23
1.69
3.65
9.09
5.44
8.06
8.7
7.77
1.87
4.22
4.36
9.76
1.74
4.82
1.62
9.55
6.5
7.72
3.87
3.32
7.75
9.22
7.57
3.8
3.25
1.91
6.78
2.35
1.01
5.83
4.47
5.45
7.25
2.59
1.11
7.68
3.97
8.09
3.85
8.05
5.21
4.65
4.82
3.22
3.04
4.41
3.94
3.42
2.67
2.03
9.69
3.12
8.58
7.16
5.35
2.22
4.54
7.27
9.14
9.23
1.2
9.99
2.75
3.06
3.0
6.21
3.5
6.48
7.44
5.13
6.43
2.95
9.87
3.79
5.66
2.47
6.24
3.23
2.57
5.29
8.8
2.28
3.02
3.82
1.21
1.17
9.81
7.11
7.85
1.56
1.61
6.32
9.65
3.05
2.93
6.02
4.14
6.77
5.55
5.47
8.51
3.66
7.13
7.6
6.06
1.5
5.41
1.43
8.93
3.78
1.11
2.31
5.82
7.34
9.36
3.93
4.35
9.52
8.75
9.71
7.2
7.48
7.61
1.1
7.99
5.31
7.82
3.02
4.6
4.34
6.13
4.9
8.89
6.48
9.59
7.88
2.7
3.7
4.32
8.39
8.95
3.81
5.44
3.52
1.06
8.8
2.89
8.62
1.97
4.35
1.67
7.74
5.88
4.98
1.55
2.33
1.46
7.26
9.86
8.18
4.31
2.45
2.21
6.18
5.23
3.55
2.71
3.71
4.39
8.33
7.19
6.61
4.25
8.45
8.96
5.8
1.59
3.97
9.78
1.6
8.09
4.49
8.88
7.33
5.85
5.96
9.01
8.38
2.12
4.78
5.16
8.0
7.36
5.37
9.79
6.99
2.25
7.26
8.38
6.53
3.61
2.16
6.57
9.1
6.16
2.52
1.66
4.12
8.89
3.9
4.09
2.35
1.93
3.0
4.97
7.12
5.51
9.89
8.49
9.06
7.0
6.96
2.35
6.12
8.34
9.18
4.92
3.15
7.73
2.99
1.55
1.2
8.64
2.98
9.54
5.66
6.81
5.8
9.68
1.95
7.03
9.2
5.83
4.65
9.1
5.45
8.71
5.42
2.44
2.24
2.65
1.2
6.54
7.8
1.82
8.33
4.04
3.99
9.88
2.17
5.92
9.21
4.93
2.54
8.43
6.8
7.22
3.64
6.4
7.86
6.56
2.7
2.93
8.59
5.24
6.99
1.78
6.82
7.02
8.2
6.44
8.41
1.77
1.41
7.66
5.34
9.35
6.18
3.39
8.79
4.02
1.71
7.18
2.03
1.02
9.78
5.3
7.77
6.45
1.72
8.31
8.32
3.32
3.15
7.16
6.46
1.04
9.63
1.14
3.82
3.0
9.43
2.02
6.25
3.76
6.24
5.05
6.23
7.99
1.04
7.47
8.97
3.37
2.06
8.87
7.21
3.12
9.48
9.22
4.95
6.33
4.0
8.8
2.81
2.05
8.74
6.03
5.65
7.8
8.76
1.92
9.43
1.68
7.85
4.29
5.91
7.46
6.25
5.07
9.34
8.17
6.59
9.06
4.04
8.0
3.83
4.87
5.88
7.17
2.04
3.2
2.91
9.19
4.7
7.67
1.28
1.21
2.41
2.44
2.53
4.8
6.03
4.81
7.69
6.78
9.77
1.09
9.04
2.11
7.12
9.24
4.8
7.45
2.88
8.61
9.38
8.95
3.47
5.31
7.09
8.88
2.82
2.15
3.13
1.23
8.05
4.38
5.31
7.26
6.24
6.83
1.99
9.68
1.45
1.36
5.91
4.38
3.18
8.28
7.88
9.33
9.58
6.53
9.37
8.27
3.15
6.87
4.28
8.62
1.86
6.56
3.69
6.48
2.26
3.61
5.19
7.7
2.98
2.32
3.49
7.04
4.12
7.84
5.69
6.3
6.52
1.79
9.59
8.06
4.24
5.77
5.66
1.96
3.09
7.94
8.19
4.88
9.35
1.12
6.83
2.3
5.54
4.96
8.3
5.3
1.61
2.01
8.01
4.83
6.51
2.86
6.28
3.91
7.8
4.97
2.2
2.72
1.31
1.59
9.26
1.28
4.93
1.17
5.16
4.68
9.87
8.84
3.85
4.17
7.23
7.0
6.24
6.16
3.88
1.44
8.16
4.16
8.88
5.3
6.72
5.92
3.95
4.74
1.07
3.79
6.48
7.69
2.87
8.08
1.37
8.39
1.02
9.13
4.27
8.88
1.96
6.02
1.83
4.24
7.22
7.61
5.13
8.24
5.39
8.56
1.59
6.21
3.65
2.71
8.54
5.83
3.52
3.56
8.42
4.74
5.02
7.61
2.74
9.15
1.38
5.56
9.85
4.19
1.69
3.89
2.44
3.54
5.53
4.63
7.74
5.55
1.01
4.81
2.71
4.9
6.63
1.14
8.06
8.19
6.3
4.64
1.83
5.8
8.65
4.91
8.8
5.16
9.34
4.88
6.38
6.41
8.67
9.87
1.13
3.87
8.08
3.74
1.11
5.55
9.43
8.48
2.03
7.19
7.47
6.52
1.33
5.33
4.73
7.03
9.09
7.83
9.96
7.5
3.4
9.95
2.28
5.78
2.45
6.36
3.26
1.65
8.08
4.32
7.52
2.41
3.78
5.54
2.92
9.99
8.85
4.96
9.25
7.42
5.53
5.82
1.35
6.22
4.65
3.37
5.18
3.62
2.92
4.09
2.4
4.92
7.78
9.5
9.39
7.8
3.66
6.35
9.17
4.32
9.83
7.3
8.92
1.47
2.54
4.37
3.63
8.38
3.08
4.49
7.26
3.43
1.32
1.43
8.15
1.57
6.19
4.26
3.97
2.59
6.69
3.33
4.21
8.62
4.44
8.57
2.71
9.17
7.37
1.33
2.91
4.16
5.93
9.28
2.93
3.29
9.79
8.05
5.04
8.27
9.33
9.32
4.61
3.12
4.21
4.37
2.24
9.04
5.96
7.28
9.66
9.57
3.86
4.63
7.14
6.93
8.31
8.08
4.58
2.67
3.76
5.53
9.58
4.22
7.53
9.06
4.52
3.32
4.31
6.85
7.69
9.18
1.97
1.38
4.09
7.92
9.85
5.37
3.2
7.48
1.25
5.74
1.11
2.58
3.33
6.84
9.62
6.9
4.49
3.69
1.7
2.02
6.53
7.44
2.0
5.67
2.89
5.58
6.62
4.12
1.95
4.77
8.76
1.81
5.39
5.67
3.53
6.89
7.82
3.93
9.04
4.76
9.07
6.26
2.94
5.71
7.27
1.84
1.46
3.92
7.5
7.91
9.7
7.55
7.49
8.47
1.68
6.7
1.63
1.23
4.38
3.64
4.65
4.36
1.69
9.61
7.72
5.74
6.84
3.09
5.41
5.99
6.25
4.26
2.69
8.25
6.23
9.68
6.9
8.9
6.48
7.9
4.37
8.9
3.38
6.49
8.07
5.29
2.07
3.46
1.16
2.71
9.03
9.58
2.46
7.35
5.79
4.84
8.63
3.61
1.72
8.14
9.39
5.5
9.97
5.29
9.92
2.7
3.26
8.78
7.87
5.52
9.48
8.98
6.58
6.06
6.84
6.52
9.85
2.32
1.18
3.63
2.98
6.14
1.16
1.55
3.24
6.05
5.09
5.0
8.21
1.26
5.69
2.19
5.14
7.53
4.72
1.9
1.04
5.81
6.71
8.91
4.52
9.56
7.03
4.46
1.57
3.83
1.76
5.42
7.59
9.24
5.91
1.15
8.11
5.01
5.48
5.29
1.43
9.88
4.36
7.16
4.11
5.03
4.26
3.02
1.37
4.22
1.1
2.22
4.61
2.2
1.08
5.14
8.76
1.93
3.68
1.33
2.85
1.58
8.64
4.61
3.77
1.55
9.6
3.07
9.5
6.84
8.02
2.87
4.36
2.37
1.36
1.08
1.49
3.67
5.65
7.91
4.34
9.7
5.21
9.33
4.66
9.83
4.8
3.37
4.94
3.49
8.86
8.91
6.48
6.88
8.05
1.04
7.11
2.19
6.85
1.39
9.5
5.79
9.41
1.31
3.24
5.96
2.42
2.97
9.8
3.87
7.84
9.54
1.27
9.36
7.91
1.05
2.33
5.36
5.44
5.1
7.88
5.65
8.61
7.18
7.24
6.17
6.05
2.66
2.73
2.35
5.3
1.91
8.97
4.88
6.9
5.93
8.34
3.33
3.63
9.85
2.48
6.39
3.94
9.61
1.26
6.9
7.32
2.06
3.96
1.21
9.76
6.24
3.29
7.28
7.59
6.28
6.41
6.49
9.89
4.55
2.31
6.35
5.93
5.59
6.61
4.34
1.68
6.5
3.41
4.39
8.44
7.09
1.04
2.49
8.81
5.2
5.26
3.27
7.16
8.37
3.85
4.98
1.95
4.63
2.86
5.68
5.84
4.57
8.02
2.53
6.77
6.21
1.26
1.7
2.18
3.46
3.65
3.54
8.36
9.83
1.15
2.83
9.42
2.17
8.46
7.79
5.28
8.92
2.38
9.44
4.53
7.89
8.5
6.54
6.06
3.28
6.57
6.39
2.71
8.71
7.76
7.06
5.23
4.15
8.67
2.32
7.4
3.41
8.56
9.96
7.0
9.2
4.95
4.24
9.72
7.32
3.33
4.6
4.52
3.07
4.81
9.79
1.61
6.66
6.75
8.67
8.94
5.76
4.99
5.69
8.73
1.22
9.97
9.52
9.44
9.35
7.97
2.14
1.9
3.77
2.25
5.54
7.9
4.22
9.45
2.51
9.9
6.07
9.73
6.49
8.73
8.23
3.95
8.63
9.97
4.72
6.82
8.1
7.01
4.29
2.89
3.23
1.79
7.54
5.76
9.08
3.87
7.92
1.29
7.75
6.22
5.17
4.68
3.95
7.22
4.17
1.82
2.37
2.21
3.58
9.43
1.96
8.29
2.43
6.54
2.49
6.9
2.55
5.72
1.55
9.0
2.44
7.65
5.79
8.24
2.18
6.79
2.54
1.03
6.74
8.35
8.63
6.73
2.26
8.08
9.28
5.01
7.49
2.17
2.48
4.86
7.91
1.74
9.27
9.03
2.9
9.0
9.79
3.12
6.48
3.61
1.93
7.45
8.22
9.74
3.94
8.55
9.96
2.44
1.84
7.49
9.39
9.11
8.22
4.63
5.68
3.3
8.43
6.8
6.62
9.28
9.08
9.71
8.73
1.67
8.61
1.91
1.98
8.13
3.32
4.19
8.61
4.18
2.69
5.4
9.04
6.69
8.05
6.99
3.16
5.26
2.08
4.03
3.81
4.42
2.08
2.36
4.43
5.94
6.24
2.13
1.63
3.76
1.8
4.94
2.6
5.38
9.21
6.13
5.26
2.96
6.49
3.39
9.63
5.51
6.61
9.46
1.42
6.08
2.07
9.3
5.43
9.78
8.34
3.55
4.92
8.73
5.4
1.85
8.1
2.34
2.11
1.32
1.83
6.32
2.19
5.44
8.97
2.3
7.95
2.66
3.88
8.0
8.16
5.87
8.4
9.36
3.73
7.55
7.59
7.99
9.87
7.26
3.05
9.82
9.59
8.25
2.77
6.62
2.21
3.47
3.3
7.48
9.35
7.86
8.33
7.4
4.7
6.57
4.98
5.97
9.08
5.65
8.44
6.99
9.36
6.87
5.78
9.37
7.81
6.52
5.24
6.08
5.27
7.16
2.57
1.16
8.73
4.26
7.05
4.8
3.52
6.93
5.39
4.65
5.06
1.16
7.77
2.9
2.88
8.88
9.69
6.87
7.56
3.49
9.04
3.22
5.41
2.55
9.96
9.24
7.48
2.5
8.72
4.86
7.69
5.17
2.76
6.17
4.78
2.75
6.46
3.51
7.01
2.55
8.32
8.14
5.15
8.38
1.75
8.22
1.27
6.19
3.33
5.86
3.41
6.8
3.5
5.77
7.21
5.31
1.24
6.93
9.15
3.75
2.49
8.1
9.92
1.14
1.29
4.15
2.77
4.94
8.76
4.05
7.85
3.36
2.24
1.07
7.87
8.08
8.8
1.88
2.0
1.51
5.45
9.9
7.96
1.39
6.08
5.51
1.52
7.59
9.2
4.2
5.51
5.96
4.78
2.43
6.54
7.16
1.45
8.96
3.94
3.73
2.19
4.83
4.71
7.27
2.35
2.21
2.31
7.5
9.36
7.46
1.98
5.7
3.8
8.15
7.77
7.73
9.52
6.96
3.67
5.49
2.42
3.87
6.36
7.48
7.24
2.46
2.68
7.82
6.48
8.23
7.29
6.42
4.02
2.33
8.31
6.48
2.48
7.66
6.19
8.9
1.03
5.37
5.37
6.53
6.11
8.35
9.77
7.58
3.58
3.82
9.91
3.05
3.04
3.93
3.75
1.98
8.71
9.6
5.41
5.21
7.07
5.59
6.49
4.5
5.43
3.15
4.09
2.08
2.91
9.13
4.87
4.76
5.9
2.8
2.66
6.13
5.09
5.58
2.97
5.42
5.33
6.63
7.59
3.35
1.27
6.85
6.97
3.57
3.76
5.0
2.08
2.18
5.57
5.99
6.89
4.02
4.08
4.59
8.88
6.16
3.33
9.0
9.29
5.56
8.11
7.99
3.48
7.84
3.14
5.83
7.12
3.67
5.42
3.95
6.28
9.21
8.51
1.64
7.64
2.15
7.15
7.2
5.04
9.95
4.13
4.04
3.33
3.41
7.54
7.94
1.73
5.17
1.43
4.87
6.41
9.73
2.84
5.28
3.18
1.8
9.08
4.75
6.52
4.85
6.8
8.11
2.52
8.68
2.26
3.91
1.81
6.96
3.76
4.88
6.79
5.33
5.76
9.89
4.3
7.3
3.81
8.41
3.31
9.91
9.8
9.04
2.62
3.04
1.88
2.44
3.94
3.34
3.22
6.74
3.52
7.11
5.71
9.14
7.56
6.34
9.13
8.73
2.74
6.65
8.38
6.94
3.51
1.69
3.85
1.9
7.88
2.3
8.16
4.82
2.85
7.32
7.76
9.43
4.41
2.48
1.36
4.69
8.27
8.94
4.04
5.62
6.37
4.97
5.68
2.31
1.21
9.93
2.0
4.48
3.63
4.6
7.16
9.12
8.81
1.31
9.78
3.1
7.61
2.14
9.92
7.26
2.97
8.09
7.5
1.21
3.73
6.03
6.95
2.03
5.86
5.59
4.22
1.45
6.91
7.71
9.87
2.98
5.97
5.93
1.18
4.93
8.71
9.13
8.03
3.62
3.67
3.75
7.7
5.81
4.05
3.19
3.21
8.62
2.05
4.43
7.47
2.34
2.99
2.06
3.43
8.88
1.17
1.73
5.52
1.58
4.38
2.29
5.43
1.4
7.17
5.0
6.46
3.69
7.28
3.94
3.49
3.24
3.1
1.63
6.3
6.28
6.59
3.21
6.34
2.46
4.34
1.8
2.71
4.03
6.73
2.86
4.28
5.17
1.55
7.85
8.84
8.84
4.48
9.43
1.61
6.03
8.22
2.02
5.4
9.29
6.62
4.44
7.5
8.42
9.44
7.92
7.42
4.32
4.44
9.38
6.01
2.29
1.73
7.45
4.41
1.72
3.25
6.85
9.8
7.66
7.83
2.45
3.36
4.58
2.5
3.64
5.77
6.32
6.51
8.35
8.95
6.53
1.47
9.71
3.46
2.58
7.66
1.52
9.41
4.92
5.74
4.86
2.68
3.97
1.92
7.36
5.95
3.71
8.56
5.96
6.68
1.57
1.39
2.22
3.12
8.07
6.98
3.57
2.44
2.02
1.4
7.24
9.36
9.0
7.91
4.34
7.77
9.86
9.74
5.06
6.66
8.9
8.61
5.13
7.02
9.98
2.25
8.76
3.51
1.07
5.23
2.13
8.58
7.92
4.76
1.09
4.47
1.08
9.17
3.55
9.94
7.11
6.35
8.12
5.55
8.93
1.07
7.08
1.22
2.02
9.85
6.28
3.55
9.4
4.86
7.24
8.74
4.0
4.47
7.54
1.68
1.31
5.44
5.48
7.04
5.22
6.88
5.36
2.95
3.12
3.05
6.22
4.31
6.38
9.41
6.11
5.7
6.73
8.92
3.07
1.36
4.22
6.2
6.85
3.61
5.33
5.58
5.13
8.53
8.26
8.22
6.42
9.27
9.09
9.78
2.28
3.01
6.22
8.59
9.82
5.62
7.71
5.0
4.8
6.26
8.18
5.2
3.33
9.42
1.13
9.97
4.17
7.48
9.62
2.58
2.49
9.14
2.16
5.74
2.96
3.28
7.26
3.19
1.79
2.83
2.05
8.05
4.9
7.42
3.53
9.6
6.97
5.08
2.06
9.16
8.84
3.24
8.03
4.78
8.54
1.93
5.48
3.39
4.26
4.45
1.8
1.41
4.08
8.08
1.12
7.87
8.82
7.33
2.79
9.19
1.5
7.51
5.04
4.21
2.78
5.83
1.84
6.2
2.63
4.9
1.95
9.89
2.25
2.3
4.71
6.86
4.48
7.91
5.4
6.81
9.5
9.63
1.22
3.58
9.77
8.73
7.71
2.84
1.49
8.41
4.77
8.19
9.14
9.94
1.45
6.39
8.84
4.92
3.88
5.96
4.7
3.83
4.05
3.15
7.07
5.43
3.91
9.14
9.64
5.68
1.04
8.31
4.66
4.6
8.63
4.65
7.56
6.04
3.96
8.83
2.95
5.37
5.73
5.77
9.6
1.66
2.49
5.66
8.17
5.77
6.09
9.86
2.07
5.52
8.48
2.6
9.64
7.01
4.68
8.01
8.07
5.92
9.6
6.93
8.68
8.2
6.18
3.97
4.67
6.28
5.24
4.77
7.26
8.02
7.56
2.09
9.18
9.95
9.41
5.3
9.98
4.13
1.38
7.4
2.69
4.84
6.91
8.87
4.29
2.35
9.22
7.92
7.81
3.93
7.44
2.21
9.63
6.07
5.2
4.08
5.3
4.03
1.56
1.48
1.65
3.99
1.58
4.58
4.61
6.63
9.74
5.91
6.22
8.8
2.73
9.36
7.33
5.93
8.92
4.8
8.99
3.42
7.08
6.55
9.76
3.7
8.08
7.3
1.62
2.0
4.8
8.81
7.09
3.74
7.98
4.55
9.04
1.08
1.38
5.22
3.52
6.09
4.48
8.81
3.09
4.27
8.34
4.51
5.14
8.26
3.86
4.65
5.12
8.95
5.03
7.05
5.05
3.92
7.39
4.8
8.34
3.86
4.11
4.04
3.29
6.64
3.65
5.19
6.0
8.68
3.48
9.85
6.29
5.41
2.6
2.01
4.15
6.49
1.25
3.0
9.49
8.78
8.81
2.34
2.67
2.73
9.18
6.77
8.43
5.36
9.42
4.1
4.34
7.6
2.83
9.07
8.52
2.1
1.81
8.39
2.02
6.77
6.25
2.6
5.63
5.09
7.95
5.37
3.71
4.17
9.77
4.92
3.85
7.9
4.92
9.4
7.64
7.67
9.45
7.18
1.06
8.05
8.88
9.38
1.2
7.88
7.33
6.76
5.35
8.43
2.31
6.37
5.6
6.79
5.63
8.74
9.3
6.47
6.67
7.61
2.99
5.0
3.36
3.86
1.61
4.92
6.09
6.21
6.92
9.53
1.69
3.89
9.31
9.48
7.37
9.61
7.96
4.89
1.86
3.79
2.8
4.05
8.9
9.5
7.83
4.87
8.78
3.09
8.76
5.77
3.58
6.76
2.44
4.34
3.2
3.34
5.8
7.95
8.01
3.05
6.32
8.11
5.41
2.96
7.75
7.98
9.43
8.29
9.44
4.7
8.0
1.92
9.25
7.04
2.43
8.61
7.41
8.13
1.94
6.24
1.14
7.98
9.53
8.08
7.21
6.27
1.44
3.99
1.69
2.38
2.17
1.52
6.41
7.51
4.97
1.23
9.01
4.26
3.05
6.48
2.49
2.27
8.05
8.54
2.41
1.38
9.45
3.61
8.86
1.83
3.38
6.32
8.73
9.2
9.44
8.78
6.8
2.76
6.38
5.83
9.73
4.11
6.01
5.14
1.18
2.57
6.03
7.68
4.85
3.25
2.6
9.28
9.82
5.9
8.61
5.27
2.82
9.36
5.2
6.02
4.62
3.89
9.29
8.6
2.9
9.92
4.49
5.21
9.36
3.17
7.62
5.26
2.04
6.83
1.85
2.4
2.5
4.54
8.41
8.0
1.48
8.6
9.37
8.93
6.65
2.29
8.21
1.59
1.45
6.0
5.81
5.01
9.42
4.25
6.94
1.36
3.7
7.14
4.42
9.22
5.46
2.04
9.01
7.76
6.49
8.36
1.71
6.55
8.37
8.56
4.41
2.45
3.41
2.5
3.88
2.05
6.01
3.36
6.41
5.04
7.91
1.24
6.92
7.42
4.68
3.9
1.55
1.21
4.5
6.06
6.36
8.32
2.05
1.16
8.81
8.51
5.95
6.92
2.78
3.52
2.83
1.83
3.29
2.8
5.81
9.16
3.22
2.06
8.08
9.08
4.1
5.36
9.84
1.77
6.01
4.79
7.92
8.1
2.03
6.01
2.3
8.63
8.87
10.0
7.02
3.65
2.87
2.62
8.71
7.25
5.45
6.12
7.82
7.24
9.45
6.06
7.37
3.33
3.3
9.4
2.05
9.03
1.77
6.44
8.67
1.4
4.81
8.97
5.12
3.44
9.08
5.63
2.99
6.71
9.45
7.88
4.54
7.82
8.61
5.59
8.55
5.68
7.01
6.98
4.87
8.39
3.2
6.02
7.37
3.18
1.25
2.17
2.79
2.65
1.71
3.77
3.53
6.75
1.94
9.71
6.76
5.74
9.47
3.31
5.08
8.34
3.15
3.19
9.46
3.92
4.38
7.3
8.59
6.81
3.66
1.77
5.97
8.42
4.27
1.83
8.86
3.38
8.05
1.41
3.07
2.03
6.25
5.88
2.49
5.51
8.61
6.37
7.87
1.47
2.58
8.28
1.03
5.04
3.49
6.41
6.84
2.89
9.25
2.66
3.98
8.2
3.02
5.57
4.1
7.85
2.12
8.67
5.41
5.59
8.0
4.92
8.79
2.07
9.64
2.71
4.3
7.21
6.45
5.38
6.79
3.57
5.28
5.37
1.29
6.49
4.7
7.03
7.37
4.43
2.59
8.17
6.8
7.13
3.95
5.99
8.81
5.71
5.62
9.16
9.51
4.2
1.87
9.32
5.12
3.67
8.42
9.15
4.82
1.39
2.85
8.93
2.15
9.45
2.74
2.28
8.65
8.05
4.83
2.2
7.88
2.05
7.16
2.98
6.2
1.34
9.25
5.49
9.14
5.48
3.73
4.39
2.63
3.77
2.47
9.33
6.01
4.35
6.31
4.89
3.98
7.0
1.94
4.01
7.72
7.54
7.98
1.06
5.98
3.28
5.62
1.46
1.11
8.05
4.65
6.05
9.72
6.42
1.28
4.12
2.56
9.41
9.8
7.0
9.7
4.2
2.59
2.11
5.3
4.54
3.14
3.12
8.92
4.52
3.94
6.95
9.05
8.53
8.99
7.44
8.36
1.9
7.19
4.91
8.85
2.55
8.74
2.44
1.51
2.24
5.61
4.22
6.89
7.07
4.88
9.69
3.75
9.9
4.27
1.08
9.26
8.73
6.27
1.17
6.55
7.79
5.92
2.66
8.32
2.83
2.92
9.52
2.25
9.04
2.77
6.76
4.28
6.04
1.92
5.95
5.42
2.88
1.03
9.11
6.69
6.57
5.09
8.51
7.52
3.83
6.68
5.56
3.74
3.82
4.03
4.91
8.24
5.87
2.9
7.26
8.91
6.35
3.96
4.49
9.28
4.54
6.6
5.09
2.64
3.34
9.93
1.32
9.51
9.85
6.34
1.42
3.54
9.1
2.94
7.08
7.56
4.42
5.06
4.35
1.31
1.57
6.77
6.65
5.1
7.39
5.73
7.29
9.19
6.46
7.78
3.67
3.01
2.32
6.46
3.36
6.54
6.28
3.13
4.77
9.9
1.66
7.61
6.11
1.81
8.52
3.62
5.41
5.13
7.25
9.1
8.82
4.53
2.2
9.74
1.65
2.37
9.52
8.9
7.96
6.54
2.32
1.43
5.51
7.04
2.34
5.75
6.43
5.33
1.26
4.57
5.38
7.05
5.52
5.72
6.22
6.67
9.38
9.36
7.24
9.06
9.58
8.44
3.02
7.09
1.18
7.44
6.22
7.67
1.13
8.59
3.05
2.6
9.85
7.09
9.4
2.37
2.48
5.31
1.8
2.81
8.56
4.56
4.73
4.68
4.68
4.04
8.07
2.95
4.57
4.92
4.69
3.98
2.26
9.21
6.15
5.45
7.54
5.03
7.95
5.57
2.39
4.62
4.95
9.41
8.1
3.09
2.85
7.97
4.7
6.27
1.65
1.87
7.22
8.52
9.15
2.4
9.47
2.27
6.27
5.88
3.16
2.41
6.74
4.68
5.17
3.81
3.47
5.84
5.3
3.33
3.05
9.18
6.31
4.88
7.5
6.01
8.05
2.19
6.01
1.11
6.1
3.69
8.1
4.29
2.19
5.93
7.51
6.79
5.42
6.56
2.3
3.2
8.54
1.77
9.87
3.87
9.72
7.41
2.68
6.11
9.82
4.09
3.89
9.3
3.22
6.82
6.7
9.04
9.4
9.1
2.54
9.77
5.61
9.18
4.04
2.55
1.3
7.21
3.49
9.53
3.67
5.35
3.33
6.02
1.59
8.95
5.32
3.55
4.65
8.02
9.07
1.21
5.74
4.15
4.38
9.8
2.02
3.06
6.07
3.97
3.32
2.93
4.99
2.5
2.86
1.87
9.64
8.11
6.84
3.72
1.17
6.33
6.11
6.11
3.52
5.1
3.78
9.96
7.05
8.36
6.91
6.72
3.55
7.28
3.89
3.01
3.62
2.86
3.22
8.78
1.8
2.66
5.84
2.97
4.76
6.56
9.6
1.97
3.31
7.83
5.36
7.2
9.12
7.21
5.84
5.96
8.36
3.8
3.89
2.09
9.47
9.67
4.26
3.38
9.54
1.42
2.39
8.92
5.26
2.63
7.69
4.08
1.45
6.26
4.95
4.13
4.34
3.81
7.2
2.72
9.63
6.07
1.11
5.89
6.59
5.35
4.17
3.17
9.38
7.93
7.32
7.02
6.46
2.05
4.31
9.84
6.2
1.67
8.47
7.89
1.36
8.34
7.03
7.53
8.97
1.08
6.16
3.57
5.04
4.66
6.28
5.15
7.55
3.42
3.33
6.79
3.38
5.27
5.18
5.03
3.99
9.28
5.2
9.63
7.33
9.76
9.45
4.41
8.66
7.69
1.28
4.96
6.98
2.33
6.11
1.49
2.36
2.17
6.46
3.15
3.48
9.73
5.8
5.0
8.75
4.27
6.07
2.41
4.06
2.52
8.29
9.97
3.19
9.34
7.17
1.41
3.49
6.33
7.33
9.04
8.02
8.26
3.81
4.32
3.16
4.78
6.11
5.77
9.65
9.6
2.89
6.48
7.72
7.04
5.19
2.12
3.99
2.95
6.73
8.34
9.68
2.02
3.01
9.09
4.78
2.52
2.83
5.23
8.52
8.61
7.07
2.14
1.44
2.92
5.63
8.14
3.35
7.77
5.15
3.06
2.19
8.52
1.85
9.83
5.19
4.28
1.75
1.18
3.35
3.49
9.79
8.85
1.2
7.58
3.92
5.74
2.29
3.16
1.94
8.53
9.46
2.75
9.01
8.04
3.45
3.48
8.86
5.57
8.83
9.54
7.03
7.43
4.31
6.57
7.62
9.97
2.89
4.11
4.99
5.04
6.82
4.87
5.08
9.61
9.53
7.0
2.68
3.93
4.3
3.83
3.61
3.23
6.36
3.86
6.79
9.61
9.53
1.86
9.31
6.81
5.2
9.21
2.09
7.46
6.42
9.49
6.25
2.65
8.61
8.29
1.56
3.72
8.87
9.2
1.73
9.22
6.99
1.54
8.71
9.83
9.66
5.27
7.82
7.83
6.9
5.31
3.13
1.49
3.31
5.05
9.96
5.02
4.34
3.22
9.7
6.09
6.7
5.45
3.35
5.0
5.5
9.69
9.05
6.1
1.52
7.1
1.3
9.98
3.56
4.49
6.47
6.54
4.52
7.5
7.91
5.23
4.02
1.17
8.72
7.02
7.71
6.94
4.11
1.0
2.02
1.9
7.15
4.77
4.05
3.78
6.51
7.14
1.43
1.72
9.62
4.79
8.77
2.64
5.61
5.24
9.76
1.53
4.13
3.7
6.96
7.62
6.74
5.17
4.55
9.21
1.79
2.26
2.69
4.63
8.6
1.92
5.72
6.78
1.49
6.13
4.73
2.42
7.06
6.23
2.96
9.41
2.81
6.02
8.76
1.1
8.17
4.57
2.98
1.27
3.8
5.74
6.83
8.08
4.1
7.34
8.19
3.39
8.46
3.92
3.37
8.75
5.67
7.73
6.71
3.44
5.75
8.56
4.53
4.1
6.51
8.58
1.73
5.64
6.54
7.34
8.71
9.39
9.67
7.56
3.37
5.04
7.35
4.17
6.8
2.38
1.1
8.96
4.51
9.04
9.94
2.97
10.0
6.35
5.54
5.53
3.58
6.15
2.41
8.05
4.51
3.28
9.2
9.86
1.0
5.11
2.72
2.06
5.31
3.27
5.33
8.61
7.68
4.44
5.75
6.12
7.33
5.53
2.46
6.46
9.67
2.7
9.26
6.34
4.08
8.24
4.34
5.41
2.07
7.73
6.25
7.22
6.54
5.75
4.96
5.23
1.84
1.4
4.65
7.01
8.45
1.02
6.44
4.39
9.62
7.83
6.3
7.99
1.7
5.22
1.06
2.11
8.14
4.87
1.26
6.57
6.47
4.15
1.01
9.69
8.34
5.99
1.18
6.51
7.53
5.73
9.88
5.94
4.28
2.01
6.24
7.26
2.74
5.03
3.65
6.28
3.5
6.26
9.67
8.09
5.15
9.41
7.6
8.36
7.01
6.75
8.4
1.23
9.83
4.58
8.59
4.13
4.66
6.78
9.16
7.65
2.75
2.41
5.29
1.15
2.59
9.78
5.54
5.72
1.6
1.57
7.1
1.51
6.3
5.84
4.9
9.43
6.65
7.83
1.98
5.66
8.9
3.47
4.73
3.81
5.39
7.0
8.13
8.51
2.24
3.93
5.77
7.25
1.94
2.96
5.35
2.75
6.44
4.31
1.36
9.72
2.7
1.07
2.0
2.96
1.74
3.07
5.84
7.23
3.66
4.96
2.45
6.34
2.88
2.22
5.19
2.63
1.85
4.33
7.89
5.07
5.95
9.99
3.75
5.12
4.48
7.2
4.19
6.81
7.94
4.59
8.02
3.69
1.86
7.28
1.92
7.3
4.89
5.58
8.15
6.45
5.68
5.46
8.87
8.15
2.06
9.54
3.41
7.85
2.45
5.46
9.72
3.14
9.19
1.67
9.04
9.05
5.95
1.84
4.82
4.99
7.02
1.6
7.01
5.86
6.42
9.32
8.25
5.28
7.69
2.87
6.13
1.83
8.19
4.73
1.32
2.95
1.98
2.3
2.94
3.03
6.27
2.51
9.04
1.14
9.07
5.44
8.19
7.81
9.48
1.23
7.93
4.41
4.89
7.05
4.4
7.03
7.17
7.59
3.14
6.31
3.95
7.18
4.25
5.76
9.75
5.43
3.27
8.75
4.95
8.96
3.75
7.83
1.68
6.56
3.29
4.82
3.88
2.85
7.8
8.08
4.67
5.46
7.49
8.96
6.89
4.25
2.39
8.76
1.8
2.93
5.11
3.54
4.21
1.5
1.09
8.05
2.63
1.79
6.63
8.59
9.9
4.06
8.48
9.55
9.61
3.55
5.9
7.68
4.72
8.33
5.59
3.43
8.55
8.62
6.35
7.5
5.23
6.26
6.33
3.37
4.26
4.74
7.31
6.1
7.17
9.22
2.9
5.0
5.73
6.76
9.99
5.7
9.71
6.57
4.22
6.75
4.79
9.61
8.88
8.31
1.36
8.73
5.8
5.18
4.08
4.6
1.52
6.84
3.52
9.95
8.75
1.76
4.04
6.88
6.1
8.98
1.5
4.62
1.84
9.38
3.13
9.73
4.16
6.29
2.0
2.56
5.9
1.28
9.79
2.11
4.39
4.5
1.23
3.63
2.28
5.31
9.17
7.04
2.99
7.21
9.52
9.98
3.17
3.02
7.06
3.09
6.64
6.94
5.96
3.36
3.27
3.72
9.16
4.64
2.85
4.86
1.71
5.27
2.47
4.7
4.81
8.3
9.32
1.93
2.62
1.46
4.34
3.96
2.63
1.62
1.84
5.83
5.3
4.07
1.08
8.07
5.44
2.79
9.56
9.57
9.97
8.42
9.51
3.95
7.33
8.05
7.79
5.46
1.7
4.98
4.8
2.87
6.83
1.67
5.05
2.73
8.1
5.75
9.31
8.72
5.39
7.1
7.4
4.67
9.86
3.69
8.57
5.1
8.44
4.48
3.49
5.34
2.93
9.28
5.43
8.77
1.36
1.32
5.31
1.84
7.83
2.27
9.53
6.17
7.81
5.59
5.72
8.61
6.87
6.55
7.42
9.89
5.26
1.36
1.48
1.28
8.41
8.46
6.47
7.1
3.69
5.22
1.55
1.44
8.25
5.71
2.26
3.25
2.02
4.98
1.77
2.33
4.28
4.58
4.7
2.03
5.11
6.84
6.53
2.48
7.92
3.5
4.48
1.54
7.27
4.77
1.44
2.57
1.96
9.02
5.91
6.8
2.62
4.2
6.74
4.88
2.14
9.73
5.0
7.54
7.28
7.92
3.49
9.46
5.87
4.8
1.15
5.63
2.28
3.46
3.33
5.72
9.28
8.98
5.26
6.12
7.81
6.44
6.93
2.37
4.58
4.95
6.75
1.16
6.38
4.24
7.45
2.34
6.1
4.66
7.2
4.76
1.39
7.56
7.21
5.33
1.11
1.05
1.38
3.86
9.82
9.73
9.76
9.53
2.63
4.83
9.87
4.58
9.97
5.84
3.71
4.18
7.31
2.7
8.65
3.24
9.85
6.31
7.96
1.8
6.47
7.36
5.69
4.74
6.14
2.61
7.73
6.35
2.03
2.49
3.11
5.2
9.0
8.19
2.49
9.72
6.12
4.95
8.43
3.2
8.61
8.97
2.41
9.47
8.84
9.2
1.56
6.02
7.98
4.81
8.01
1.93
3.04
4.42
9.17
5.46
6.22
2.32
4.96
9.91
9.88
3.12
9.15
3.21
5.06
1.96
4.5
4.54
2.42
7.54
6.41
9.98
3.13
2.86
4.1
2.31
2.25
3.45
1.78
3.7
8.13
1.54
2.81
7.98
4.79
3.2
2.95
3.61
6.13
7.12
9.15
7.92
6.08
8.89
2.68
5.05
2.21
2.36
4.89
9.83
4.24
3.46
3.57
1.04
2.72
1.58
7.74
3.03
7.31
3.26
3.22
4.55
1.75
9.61
6.16
8.01
3.65
8.69
3.94
6.61
5.48
3.97
2.84
9.84
6.5
6.0
1.16
9.31
4.48
7.57
3.99
7.57
6.29
9.46
7.12
3.1
5.79
1.73
4.5
2.89
9.6
8.89
7.98
9.27
9.52
9.75
6.05
7.17
6.98
4.23
6.06
9.35
1.28
4.47
1.35
6.56
1.9
4.84
8.32
8.5
1.01
6.54
2.61
1.3
3.74
2.31
8.39
1.45
3.68
6.7
2.76
6.77
5.36
7.78
5.38
5.45
4.95
8.23
9.81
2.88
5.13
9.55
2.34
1.97
3.51
3.53
4.44
2.69
6.71
7.85
1.52
3.66
7.34
8.2
6.57
2.65
4.56
9.3
3.26
3.36
1.85
6.38
9.31
8.37
1.17
6.52
4.31
9.03
5.59
8.9
4.78
2.2
3.76
3.16
3.24
6.55
8.31
2.17
6.24
6.57
6.96
1.03
7.97
8.12
5.06
1.09
6.77
9.27
4.7
3.78
6.01
9.05
3.3
4.64
9.37
6.5
8.61
4.69
6.38
2.49
1.71
3.64
8.6
1.44
8.33
2.19
9.09
7.82
3.44
6.48
2.95
8.45
3.21
1.64
1.15
8.2
3.9
3.43
5.04
9.94
4.2
9.09
7.93
5.71
5.39
5.82
5.86
3.17
6.42
9.92
9.73
6.02
8.15
9.07
2.12
4.11
4.43
7.22
2.77
6.79
8.82
9.78
5.91
6.16
7.07
7.44
9.56
4.78
4.35
3.39
6.03
1.79
6.78
8.2
6.79
5.1
3.01
9.05
8.48
6.23
5.84
9.91
4.69
4.9
6.35
7.91
7.31
9.6
9.18
6.29
2.28
4.4
9.61
2.81
3.68
5.82
9.29
9.63
3.66
2.27
3.69
3.13
4.26
9.05
4.03
6.29
1.94
3.42
4.26
7.61
6.71
9.53
6.42
8.46
9.38
3.97
1.29
5.55
9.22
2.53
6.64
4.02
5.98
1.74
6.62
8.74
1.74
6.6
2.73
7.85
3.71
7.42
3.69
5.24
3.98
7.0
3.75
2.83
8.0
6.67
1.55
8.71
5.03
4.8
3.79
8.74
4.87
9.74
2.08
6.52
7.27
4.84
4.66
6.4
6.37
3.81
2.5
2.52
8.11
1.3
1.53
4.41
6.37
2.88
6.55
7.81
9.8
1.89
1.17
3.75
2.19
6.67
2.73
1.74
4.88
4.2
2.79
6.49
1.95
9.76
8.98
2.11
6.48
9.93
6.57
7.49
5.22
2.62
1.15
9.0
8.66
8.52
6.42
9.59
4.9
9.27
7.18
2.55
1.88
2.61
7.47
4.46
3.14
2.65
7.43
9.6
2.03
1.19
5.97
1.6
7.9
4.22
4.83
6.77
7.11
1.26
7.64
4.57
7.01
7.92
6.04
3.18
2.45
2.01
4.61
5.94
8.08
4.74
7.39
9.21
4.74
9.32
7.17
7.18
7.6
8.97
3.38
9.07
9.77
4.24
2.3
7.84
3.12
9.24
9.98
3.39
5.43
9.51
6.89
5.64
2.12
4.38
7.26
9.34
6.4
5.87
4.26
2.78
1.39
4.96