16360
Algoritmos y programas
6.84
9.37
5.67
0.82
5.64
7.05
3.65
3.28
3.91
1.04
8.68
4.84
9.13
3.49
7.78
6.33
8.72
7.91
5.7
8.13
3.39
8.89
0.29
2.39
0.27
0.26
6.22
3.95
5.78
7.48
2.54
5.34
3.12
3.5
0.35
4.22
3.84
1.12
2.88
6.88
0.51
7.34
1.47
9.91
8.24
1.43
5.85
0.47
4.72
5.98
8.02
4.42
0.71
3.0
0.56
1.93
4.09
4.44
5.19
6.33
9.87
9.26
6.67
8.85
8.91
8.16
1.71
8.32
7.22
1.15
2.66
8.2
6.55
6.0
1.02
6.14
9.02
8.76
4.16
6.46
7.49
7.09
0.03
1.14
0.03
2.63
3.07
4.07
9.03
7.96
1.57
2.08
7.76
1.69
8.44
1.83
5.68
6.51
0.58
3.39
3.05
9.28
4.23
5.49
4.12
0.6
5.02
2.78
9.24
2.76
5.65
2.5
0.5
3.28
4.91
2.55
4.59
2.39
2.74
6.51
2.35
0.98
3.2
6.54
9.52
2.49
0.31
1.83
4.9
0.21
3.03
3.86
3.84
6.54
1.49
4.05
2.49
1.06
0.94
2.24
2.79
7.56
9.04
1.18
8.93
3.35
9.66
1.28
6.04
1.04
9.02
8.81
0.09
0.26
7.78
8.2
9.02
3.85
5.08
0.4
8.77
7.98
3.94
5.83
6.79
0.98
0.39
0.77
9.9
6.77
6.91
9.58
8.06
8.52
7.36
5.0
4.53
2.69
6.86
9.16
5.91
7.85
9.06
3.34
9.03
2.53
9.39
0.19
8.52
8.81
7.76
9.56
8.68
0.97
7.02
0.57
5.37
4.1
3.23
2.68
3.3
9.02
0.15
2.82
9.4
7.18
4.47
1.57
9.63
4.62
5.09
9.52
3.89
0.5
6.25
0.1
1.01
3.84
1.6
6.76
5.55
4.56
0.11
6.21
9.85
3.77
9.51
3.12
5.55
7.93
1.44
9.29
9.79
5.37
0.16
2.37
9.3
5.58
6.98
3.67
5.77
0.41
1.1
8.26
8.17
5.56
3.4
8.78
7.04
2.58
6.88
8.05
8.63
8.51
6.95
9.49
8.83
8.19
0.04
3.66
9.04
2.9
4.45
1.62
4.85
9.16
7.0
8.31
3.2
1.71
5.46
9.82
8.36
0.3
8.76
2.3
0.46
2.45
7.66
9.59
5.32
2.86
9.48
1.13
5.33
2.49
8.79
0.09
6.84
2.06
5.86
3.04
5.95
7.92
2.82
3.26
0.95
4.05
6.65
9.01
5.41
8.01
9.94
2.41
7.79
2.06
3.73
9.95
7.02
4.26
6.87
4.02
8.94
6.6
4.06
8.22
9.36
3.6
1.49
0.06
7.34
9.07
2.45
0.59
2.11
1.2
5.62
4.32
5.07
6.63
6.66
7.61
6.86
3.01
8.44
3.33
5.77
5.07
9.8
8.3
0.71
4.83
5.56
9.72
6.01
0.6
0.11
6.69
3.03
4.41
8.49
9.66
3.92
2.11
8.38
7.85
1.46
8.5
3.12
9.33
2.21
1.56
9.32
0.77
7.0
1.2
3.52
3.58
5.0
9.83
2.0
7.22
6.82
1.47
2.04
3.22
6.27
9.02
1.68
0.67
2.82
9.14
2.27
8.36
2.68
9.23
1.36
5.88
7.48
7.5
7.64
9.06
1.56
5.85
1.99
5.92
3.29
5.04
2.67
6.89
6.23
6.86
2.92
1.54
0.23
7.13
1.12
4.93
0.33
4.85
6.23
9.25
9.76
2.06
0.03
1.36
1.22
3.93
9.91
0.13
1.88
3.86
5.41
7.31
5.22
3.31
6.04
0.47
4.27
7.82
9.01
9.24
9.01
4.49
7.67
2.96
2.03
6.87
8.76
3.07
2.91
7.73
3.31
6.63
9.5
4.49
5.57
6.9
4.14
8.03
7.54
9.33
8.82
5.21
4.5
2.85
3.18
5.16
8.14
0.45
2.64
2.13
5.5
0.32
4.11
0.69
3.2
4.8
5.6
5.66
9.51
6.17
2.97
0.37
9.46
6.65
2.85
9.82
5.06
3.45
3.28
4.79
4.68
1.0
3.64
4.42
4.21
3.4
1.93
8.43
0.26
6.44
3.77
9.98
7.59
7.99
7.52
9.45
8.84
8.8
8.71
5.17
0.95
3.05
8.9
9.96
8.86
5.68
0.67
2.65
1.29
9.86
7.85
4.51
3.96
7.02
8.45
1.3
8.08
0.14
9.32
5.32
9.29
5.7
6.8
7.66
7.95
1.14
9.02
0.66
7.55
3.98
5.99
8.3
0.14
4.69
9.45
4.66
2.79
6.32
4.2
8.86
3.04
6.53
1.99
0.48
5.85
3.65
2.42
8.5
6.51
2.61
2.03
4.72
3.39
7.37
5.91
5.55
7.57
5.46
0.68
7.19
1.13
4.72
5.75
7.15
8.17
10.0
1.04
8.21
5.95
5.89
7.15
8.73
8.99
3.95
4.29
5.4
6.76
2.48
6.0
9.89
6.77
6.59
5.56
1.42
9.8
2.68
5.69
6.19
0.08
0.63
7.81
5.98
1.24
7.92
3.99
3.29
3.35
6.38
2.73
5.39
8.78
2.6
7.01
3.69
1.2
5.8
2.43
9.76
2.1
5.03
0.07
8.5
5.16
4.77
1.41
8.63
2.56
9.04
9.86
3.24
1.74
6.01
1.18
4.25
1.58
2.3
8.28
2.03
0.65
4.33
9.5
0.86
0.6
7.56
3.2
6.29
5.24
3.9
5.5
1.86
8.16
6.49
2.04
7.69
2.39
8.49
7.33
6.96
3.13
5.61
3.34
6.05
9.13
1.21
7.14
6.44
2.79
3.5
3.47
9.74
8.27
0.98
1.96
3.38
4.21
2.42
3.14
8.31
5.54
0.63
9.05
3.32
9.65
2.99
1.14
4.93
5.18
4.88
3.89
3.56
7.62
3.16
8.74
5.33
7.79
7.57
4.83
1.54
9.31
2.84
5.73
8.6
3.85
9.44
7.0
6.48
9.51
4.89
9.57
4.1
2.67
1.9
3.77
1.73
0.01
9.31
9.31
5.21
7.24
1.05
8.55
2.31
7.31
3.43
0.36
1.86
6.44
2.64
5.45
2.96
0.02
9.92
0.15
2.92
1.47
7.19
5.19
2.09
4.65
8.21
2.7
8.83
6.33
7.04
4.16
3.43
7.23
6.24
2.79
4.02
2.15
7.04
0.26
5.51
1.08
5.07
0.95
5.68
4.67
1.76
5.19
7.9
1.36
0.11
8.07
6.76
4.33
1.62
7.92
6.3
6.75
0.42
5.55
0.28
1.74
8.46
6.29
8.79
2.86
7.14
9.76
1.72
2.8
9.96
2.93
2.57
9.88
9.25
7.57
1.99
5.57
7.43
2.93
6.25
3.14
3.27
6.12
6.99
2.87
3.61
5.54
7.98
9.89
0.64
2.25
6.31
5.29
6.24
8.81
8.49
4.4
2.29
0.66
6.63
0.46
4.39
0.66
3.76
5.68
0.8
9.91
8.97
5.99
3.75
5.33
7.93
4.29
5.98
7.17
7.68
3.33
9.44
5.96
3.92
7.36
3.5
5.31
5.09
6.66
5.45
0.06
6.95
3.82
8.71
7.23
6.71
8.83
8.57
1.58
5.68
8.13
5.13
5.45
8.48
0.99
6.06
9.22
5.49
0.53
8.46
2.81
2.92
2.31
0.85
4.05
2.84
1.83
5.35
9.38
0.77
3.58
3.88
1.71
9.67
8.09
8.14
1.1
6.72
5.75
1.71
0.39
3.5
8.22
0.1
8.21
5.87
3.55
0.4
4.9
9.59
3.59
9.89
2.34
9.28
9.31
2.93
8.7
0.11
5.98
1.96
9.68
6.59
7.99
9.39
1.52
9.76
0.05
9.17
10.0
6.9
1.0
6.95
2.66
5.37
7.58
7.74
2.59
9.82
9.34
1.45
5.58
2.65
8.48
8.0
1.07
6.2
4.55
8.74
5.37
5.57
9.57
7.01
3.83
4.88
6.35
8.76
9.03
8.57
6.74
2.8
7.91
3.18
8.5
9.19
9.54
3.27
3.54
7.33
4.11
2.52
2.17
5.77
6.2
2.49
7.65
6.6
4.37
1.42
8.09
1.47
2.49
0.25
8.43
9.24
7.13
9.46
0.25
7.41
7.67
6.76
5.7
2.03
8.21
5.24
7.49
5.54
5.52
9.96
3.06
0.72
2.8
2.52
4.84
7.77
4.49
7.44
3.16
5.01
5.63
8.54
4.77
2.69
8.27
2.75
4.92
6.24
5.15
2.93
9.65
0.77
9.83
7.98
2.8
1.18
9.17
4.14
0.45
1.81
5.95
4.52
6.8
3.67
9.75
9.23
0.11
8.33
1.01
0.27
8.01
9.02
4.39
5.82
7.39
1.71
3.38
3.5
2.79
3.19
8.58
3.71
0.65
6.88
4.29
5.03
0.43
9.4
3.5
3.72
0.25
0.66
8.28
7.86
8.72
6.26
7.78
6.66
4.59
2.66
0.5
4.02
9.23
6.46
5.72
1.03
3.02
2.44
3.67
0.19
2.47
9.11
9.88
8.65
7.32
6.63
1.12
2.43
7.56
9.1
8.14
1.3
2.68
6.96
6.32
0.23
8.67
2.28
0.64
5.63
0.88
6.26
7.24
8.95
8.42
1.91
5.3
3.7
8.98
3.88
9.88
3.22
6.98
6.54
9.83
8.2
6.46
4.68
3.19
0.54
3.38
6.29
7.49
1.5
5.25
1.45
6.12
7.75
1.08
5.74
5.93
8.42
5.47
0.64
3.38
7.38
3.11
9.59
6.17
2.18
0.92
1.91
6.17
5.14
3.12
4.17
9.24
8.94
8.27
1.57
3.48
0.4
9.12
3.81
9.17
7.14
2.51
1.43
8.42
4.73
9.78
4.1
5.54
0.9
1.71
5.97
9.06
2.17
7.6
0.84
5.62
6.27
7.02
0.35
0.75
7.88
7.7
1.32
3.36
3.21
2.61
1.15
8.42
2.91
4.1
4.62
2.96
9.28
3.49
8.1
9.38
8.11
9.34
1.9
4.19
2.31
0.42
1.15
9.08
1.49
0.84
6.44
7.59
9.78
9.75
8.95
0.39
3.4
3.48
7.94
1.26
3.38
4.65
3.4
0.99
3.25
1.57
7.01
9.78
8.38
6.53
1.43
4.27
9.96
0.75
0.11
3.07
3.42
3.13
0.86
2.17
0.76
0.86
4.72
4.73
9.92
2.18
7.09
4.22
5.17
1.48
6.16
8.49
3.47
3.36
3.93
4.16
6.53
4.9
5.2
6.97
7.89
9.86
5.2
5.68
8.83
7.84
3.52
7.86
5.82
9.73
3.31
2.24
8.52
0.57
8.3
7.85
4.6
0.59
2.68
2.24
5.27
4.95
8.66
2.12
9.25
4.18
9.02
7.41
8.92
5.91
5.61
0.67
2.64
3.32
4.4
4.95
4.52
1.35
9.46
4.4
7.76
4.24
2.03
4.98
0.03
0.18
9.27
9.51
5.98
0.56
3.7
1.89
6.3
5.66
4.14
3.47
8.49
7.85
7.16
2.24
0.18
6.88
5.3
3.99
5.71
5.5
1.67
1.69
4.89
7.16
1.2
0.28
0.35
5.77
0.01
3.98
7.27
7.54
4.65
7.33
1.61
1.57
5.96
9.54
5.4
9.35
3.53
4.69
3.25
1.98
5.0
8.0
1.52
4.99
3.75
2.69
2.68
3.12
3.85
0.29
4.79
6.85
3.41
8.03
8.0
5.78
5.26
8.21
6.1
8.3
4.42
6.14
6.98
2.02
7.57
5.64
7.52
0.98
7.35
0.71
5.56
4.83
4.85
5.65
1.11
8.6
1.68
8.85
4.65
9.67
4.49
0.51
7.53
5.03
7.25
0.78
5.55
6.04
4.28
4.85
5.56
5.45
6.28
8.64
6.23
5.51
1.61
7.64
3.42
5.84
3.96
5.01
3.64
2.98
4.05
9.93
5.42
8.88
9.79
4.38
1.04
6.53
7.83
1.91
5.28
5.3
9.48
7.05
8.6
9.89
6.88
4.67
0.09
8.73
7.07
8.55
6.84
6.54
4.28
2.26
1.25
1.24
1.84
3.88
1.75
6.27
1.79
7.99
3.86
9.67
6.72
2.07
8.89
5.9
2.5
1.3
9.57
8.88
5.91
1.67
7.91
3.27
6.99
9.17
8.37
7.8
3.28
6.98
1.79
7.99
4.85
8.81
0.48
6.91
0.26
3.89
2.53
3.15
9.82
3.99
6.1
5.3
4.48
7.43
7.74
6.99
9.93
7.32
4.86
7.85
9.67
0.08
1.17
5.14
9.95
3.51
7.72
9.2
1.19
5.36
4.15
1.48
5.97
7.41
5.9
5.75
9.03
7.29
5.82
7.12
4.12
8.44
6.29
2.92
8.93
1.1
7.83
5.2
9.44
1.86
9.82
1.04
6.37
6.21
8.6
5.65
1.93
8.76
7.73
7.98
4.95
0.23
8.44
4.18
2.94
4.03
9.26
4.19
9.19
2.03
5.71
8.54
4.04
1.56
0.29
2.2
9.24
8.67
9.22
6.3
4.57
7.91
7.26
5.01
3.08
5.43
0.43
5.48
5.45
2.39
4.48
1.57
3.33
7.33
5.95
5.39
3.44
3.19
0.25
3.37
5.44
3.99
9.54
6.73
7.1
9.3
0.28
7.06
8.44
9.2
3.54
6.89
9.16
2.88
1.25
9.67
9.11
2.41
6.74
5.54
5.85
9.69
8.7
9.98
3.97
9.3
4.6
4.51
0.16
4.45
8.03
6.17
5.47
2.14
9.61
9.68
6.75
6.45
0.58
5.82
1.69
4.53
9.54
4.25
9.32
5.31
4.55
8.2
9.01
3.48
0.27
4.53
9.13
9.56
6.57
9.76
4.65
6.49
2.12
9.31
5.43
2.3
8.13
0.78
7.35
3.75
2.15
1.28
1.23
5.94
7.34
1.69
2.87
3.77
7.63
9.95
1.8
5.38
7.71
1.68
8.15
3.88
8.24
1.28
1.25
2.17
3.38
4.87
6.53
5.72
0.39
6.5
6.22
9.46
4.83
4.93
0.57
4.35
7.91
4.87
2.38
6.34
4.96
9.24
5.22
1.47
4.69
6.67
9.9
5.26
8.31
3.17
0.05
8.55
4.43
8.09
7.13
8.66
5.66
5.12
5.72
7.15
7.65
1.6
5.38
3.02
7.12
3.63
2.54
5.58
8.63
9.82
6.67
3.07
2.44
5.4
9.56
1.17
5.67
5.63
0.9
1.59
8.35
2.75
7.87
8.26
0.25
2.17
4.34
1.26
1.0
1.55
8.81
1.81
4.97
7.47
1.84
1.5
4.65
2.21
8.66
5.91
7.57
1.47
7.03
9.42
9.64
9.57
5.21
1.25
3.81
8.05
7.89
2.22
9.75
5.8
8.64
4.6
4.05
7.33
7.88
8.06
4.76
6.96
1.83
8.08
9.63
2.89
2.72
1.66
7.96
8.0
3.34
9.85
0.78
0.25
8.03
2.02
4.35
8.82
4.03
9.61
0.65
7.85
4.4
4.54
4.79
8.27
8.02
7.38
0.56
6.3
0.85
8.33
3.15
8.91
4.17
9.05
8.95
8.86
1.77
8.28
5.89
6.68
1.56
6.42
8.65
1.99
2.15
5.43
1.76
4.38
1.68
7.97
2.65
6.24
5.82
5.87
8.83
7.94
8.67
7.03
9.13
7.96
9.3
7.97
5.76
0.43
2.98
0.32
2.11
4.68
5.87
4.31
7.94
3.36
8.78
8.21
9.05
7.37
8.57
0.51
0.4
5.47
2.73
6.34
0.58
5.38
4.04
3.15
8.31
1.03
6.86
7.21
9.69
6.16
3.12
8.52
4.77
2.87
9.86
6.65
9.04
6.11
6.79
7.34
5.94
9.07
8.59
9.53
7.16
4.8
3.25
6.98
3.08
9.89
9.6
1.28
4.43
1.12
1.88
4.09
3.5
6.37
6.42
7.17
5.0
1.34
4.32
3.03
7.64
7.55
4.0
0.04
1.93
2.28
9.23
0.75
5.88
9.31
5.59
5.9
0.8
6.63
5.16
8.91
6.1
3.92
3.1
2.62
0.94
9.61
5.05
3.54
6.33
4.74
1.94
4.96
9.28
3.87
1.56
3.83
1.37
8.78
0.77
8.24
7.2
9.79
5.78
8.29
7.85
2.56
5.62
3.8
2.99
5.67
6.31
6.31
7.97
5.96
6.45
9.63
8.35
3.95
4.59
8.93
1.54
0.09
7.1
2.98
9.89
6.93
9.4
3.09
2.86
9.43
2.2
9.02
3.8
1.77
6.71
2.63
0.45
1.13
6.09
5.31
7.59
8.39
2.95
3.61
4.03
9.95
5.65
6.85
3.21
7.84
5.47
9.21
8.23
7.46
2.92
8.94
4.38
1.77
1.08
5.89
3.2
3.34
9.8
5.9
4.37
0.99
2.68
5.17
9.17
1.77
5.55
9.58
0.92
0.33
8.58
3.12
0.65
3.44
1.85
8.94
4.09
9.82
7.94
0.53
0.48
5.94
2.93
2.62
0.05
1.05
5.03
2.41
3.56
0.06
7.56
6.96
1.78
2.05
3.42
2.7
0.32
9.78
8.53
7.94
3.03
0.15
0.33
5.55
9.21
2.97
6.69
6.22
0.28
9.87
5.01
2.46
1.18
0.96
9.05
0.46
2.92
3.52
5.3
3.05
5.32
0.79
2.22
3.57
2.95
6.21
7.84
4.03
3.1
4.69
1.3
6.81
9.86
2.64
0.75
0.37
2.83
0.84
7.35
1.31
4.62
5.8
3.09
9.36
1.59
5.91
2.47
3.16
3.32
2.16
8.15
0.91
9.49
9.8
1.45
2.87
8.12
2.89
0.8
2.34
7.8
6.34
6.2
6.15
4.96
6.81
2.64
0.97
6.56
0.26
5.07
3.73
2.09
5.63
4.87
4.57
1.52
2.88
7.41
0.23
9.58
9.62
0.67
8.78
2.85
4.1
8.44
3.51
8.49
9.34
2.21
8.78
6.37
0.85
2.74
3.58
0.36
4.03
6.55
4.93
8.11
1.67
9.74
6.93
9.68
9.66
3.87
2.96
7.13
0.8
3.82
3.5
5.94
0.94
9.04
3.4
9.35
6.47
7.57
9.85
0.52
0.39
9.1
9.32
5.36
5.99
4.93
0.26
4.13
1.03
6.44
4.83
5.64
0.83
7.09
9.66
7.53
2.23
9.91
1.06
9.07
7.24
8.2
7.28
2.99
2.85
4.98
7.92
3.06
9.77
3.36
8.09
3.24
1.11
6.94
5.86
7.73
6.3
5.89
9.48
3.9
9.72
2.42
2.11
8.73
6.02
9.36
9.52
6.57
3.64
8.24
7.38
4.06
9.09
0.42
2.6
4.55
3.64
8.72
5.05
1.07
0.02
8.99
9.26
5.02
4.42
5.94
2.79
9.16
1.26
3.53
1.08
8.73
5.14
6.62
3.93
5.21
7.85
5.58
6.08
1.14
8.61
4.81
2.19
0.05
7.91
7.19
9.83
8.62
8.67
9.02
9.08
3.64
4.91
5.33
2.76
6.74
7.11
1.98
6.53
3.48
1.22
9.73
3.79
9.28
7.05
6.01
9.99
3.11
0.14
2.05
4.91
9.49
9.03
1.72
7.35
4.57
3.47
3.33
1.37
5.57
2.32
1.92
1.82
4.45
4.12
9.48
9.57
4.45
4.31
7.19
7.32
0.39
1.65
2.51
4.67
6.74
4.94
4.63
9.87
3.37
7.9
0.78
7.7
4.94
7.05
6.23
7.76
0.11
9.68
0.2
5.7
3.77
2.96
8.7
4.7
3.73
9.65
5.08
2.61
1.75
5.33
0.23
6.85
9.22
6.92
0.12
5.77
3.5
4.32
2.2
9.74
4.37
9.26
4.56
3.54
8.47
9.95
3.53
0.47
7.23
4.2
9.26
7.27
0.44
1.21
7.29
9.09
2.39
0.11
7.41
5.92
1.97
0.89
8.34
3.9
5.52
3.85
4.21
5.12
5.38
3.12
7.69
3.82
7.95
6.07
5.02
3.88
2.26
0.03
8.95
6.54
2.56
3.62
5.49
4.1
8.35
6.14
6.35
9.16
0.14
5.49
4.45
5.63
0.98
8.67
2.58
3.92
6.85
2.62
6.48
1.44
5.32
9.67
4.06
5.94
4.65
3.49
8.66
4.56
1.66
6.22
0.55
8.61
5.28
1.52
1.55
2.61
9.98
1.98
0.87
8.78
3.42
1.37
4.8
9.49
4.31
6.17
9.6
8.94
5.95
5.07
8.21
8.87
7.44
0.55
2.49
0.7
8.1
0.57
2.28
5.89
1.51
8.04
2.0
1.99
2.09
3.54
4.76
5.45
5.85
4.79
4.41
0.31
4.54
1.71
7.46
5.91
2.32
7.34
5.09
1.19
7.71
4.24
2.03
0.28
6.49
2.74
3.39
4.67
6.01
4.31
6.25
4.06
0.71
6.82
1.55
0.68
1.96
3.61
7.36
1.02
6.96
9.39
0.5
5.29
5.51
4.37
7.92
4.71
1.42
1.58
1.22
8.51
6.9
6.86
1.84
6.15
3.38
0.59
1.41
1.75
7.7
9.61
3.05
8.82
5.08
5.49
8.28
3.27
9.4
4.2
8.18
7.64
3.72
2.14
3.04
0.59
5.74
2.94
5.4
8.97
0.71
2.41
0.48
1.22
3.27
7.91
1.37
1.75
0.33
5.81
7.08
7.0
0.57
3.87
8.56
6.3
7.29
4.67
9.44
1.0
5.45
4.78
2.24
2.23
5.17
9.48
0.43
4.82
5.58
8.63
9.43
5.08
4.93
5.77
9.06
7.64
9.53
1.12
2.32
2.97
9.41
5.29
9.74
9.55
4.28
4.69
1.16
9.78
5.49
4.4
8.99
4.35
5.42
3.39
8.56
3.24
9.31
3.41
6.14
6.72
8.79
2.23
0.55
9.85
3.46
0.77
7.74
9.35
9.25
8.97
5.42
1.75
0.54
3.96
0.78
8.7
0.56
0.76
2.02
1.35
2.18
2.96
1.63
0.63
0.61
4.43
7.13
0.19
3.33
7.18
3.33
4.01
1.67
7.52
2.91
6.41
5.26
7.91
4.05
8.27
0.82
7.26
1.49
1.7
5.08
5.46
0.6
6.82
1.09
1.04
0.23
3.73
5.36
4.47
5.18
1.18
2.06
3.45
0.92
5.39
7.02
1.08
7.9
7.44
5.09
6.47
7.69
5.18
3.91
1.35
5.37
6.16
6.4
9.69
7.47
7.86
9.63
5.28
0.49
2.12
6.55
8.94
4.52
6.6
1.53
1.58
8.95
6.58
5.19
9.71
0.74
1.8
1.14
1.85
2.15
1.36
9.15
4.34
8.2
6.85
8.29
3.63
0.98
5.86
4.9
2.33
7.35
1.83
0.56
8.92
1.67
0.63
8.7
2.12
6.58
2.01
7.69
9.67
9.44
7.2
3.86
7.29
7.15
1.55
9.68
6.1
4.83
4.27
7.53
0.47
4.28
8.3
7.22
5.86
1.97
5.37
8.45
7.37
7.63
9.16
3.53
8.13
0.05
1.3
1.7
5.34
0.26
1.42
5.12
8.19
8.79
2.72
1.28
5.44
0.8
3.97
6.18
4.65
0.87
9.53
0.72
7.63
6.32
7.78
8.82
3.92
0.26
7.19
1.46
3.03
0.39
8.98
3.12
3.94
3.07
5.05
0.27
8.35
4.01
9.0
9.69
9.97
5.54
5.14
9.39
1.94
7.36
5.24
6.2
7.11
8.88
9.33
7.8
4.22
6.06
8.57
2.37
4.97
3.78
8.49
1.74
7.03
8.13
6.22
1.52
9.65
1.07
5.48
7.03
4.49
3.33
5.82
7.26
9.71
2.33
4.19
2.88
6.6
1.41
1.52
5.05
6.34
2.35
3.48
4.02
6.63
5.88
6.74
9.59
9.55
4.99
2.41
0.57
5.47
1.84
6.23
9.91
0.87
8.48
7.22
3.9
0.32
5.1
8.87
4.03
9.93
8.59
1.47
1.04
1.32
5.16
1.16
9.62
7.76
4.92
5.67
6.03
0.07
8.36
7.96
0.07
9.58
9.12
1.07
7.13
4.28
7.99
6.25
0.53
1.78
9.13
0.56
3.73
4.75
0.51
7.72
7.42
1.35
8.12
1.2
3.32
2.85
3.12
1.57
2.79
8.27
1.83
8.82
7.07
0.45
9.4
9.82
4.34
6.89
2.74
0.64
4.66
1.53
0.83
6.86
0.61
8.05
7.43
5.18
7.2
3.06
8.93
7.3
6.67
3.14
0.17
2.9
8.39
7.36
3.86
0.7
7.55
9.05
7.03
0.69
2.72
5.27
6.73
4.33
1.81
6.89
7.87
2.1
4.96
8.69
0.64
3.23
2.5
2.66
7.25
2.51
1.88
4.49
8.59
2.46
4.21
0.47
3.7
0.34
1.11
5.95
9.42
7.44
4.55
1.57
5.73
0.5
1.98
7.62
2.61
6.93
5.53
4.27
0.92
9.63
5.78
5.24
2.1
6.36
9.57
6.75
2.19
2.18
8.37
0.17
1.69
2.94
1.04
5.11
5.82
2.81
8.07
7.54
3.36
4.29
9.11
4.52
3.44
6.25
0.44
5.63
5.51
6.67
4.47
2.58
2.59
5.16
7.56
6.45
7.98
5.04
8.08
2.0
7.26
5.41
4.34
9.73
1.97
7.43
9.76
0.04
6.1
8.11
4.68
7.88
9.33
0.21
7.36
4.36
8.44
2.87
8.04
3.93
0.07
9.3
0.07
5.13
6.23
9.55
5.54
0.28
6.59
1.98
7.3
6.36
1.66
0.95
5.89
5.65
5.68
7.31
3.8
0.44
6.86
3.04
2.19
9.45
1.46
9.39
0.11
9.99
7.77
1.21
0.4
7.64
9.44
2.77
1.08
9.78
3.31
5.93
6.09
9.62
0.56
9.91
2.67
3.03
8.01
3.5
5.75
2.45
9.1
3.28
4.7
5.15
4.64
6.0
7.8
6.21
5.08
2.74
0.43
6.33
2.12
0.08
4.83
3.25
3.07
2.73
1.62
3.9
5.74
5.64
6.16
8.62
1.07
6.31
6.65
1.18
6.81
4.94
1.78
9.15
5.25
3.51
6.86
2.45
2.12
6.78
9.88
9.55
8.44
9.96
5.63
3.3
8.63
5.33
6.75
5.82
3.63
6.71
8.4
6.72
8.03
2.91
6.84
7.01
5.74
8.87
8.42
7.91
6.98
6.38
1.84
7.56
0.36
6.39
4.65
9.17
9.38
4.21
0.82
9.76
1.35
4.11
2.77
7.91
9.86
5.93
1.66
7.9
8.95
4.23
8.91
6.98
7.67
3.25
8.51
4.17
4.35
2.3
4.18
5.21
2.53
6.86
9.25
5.88
8.41
1.93
3.6
0.35
8.34
1.42
5.81
7.97
0.39
8.81
8.58
0.4
7.3
1.44
6.2
0.11
9.51
4.48
4.84
9.27
1.84
0.87
9.27
2.36
3.7
8.16
1.4
3.39
3.84
1.98
4.25
4.39
9.08
6.78
5.86
1.09
1.29
2.3
0.79
7.38
6.57
5.75
0.32
7.3
4.36
7.54
6.25
2.2
5.18
9.27
9.01
5.64
2.02
1.89
4.93
1.19
3.77
8.52
2.15
9.25
3.7
4.09
0.91
8.43
9.99
5.35
8.36
7.52
6.7
1.8
8.0
8.48
6.36
3.95
4.95
4.18
9.58
6.54
6.22
2.93
4.01
8.79
0.24
3.22
5.39
0.95
6.35
4.62
3.19
6.53
1.17
7.04
2.1
5.29
4.96
9.06
5.86
1.11
0.75
1.9
7.6
1.16
7.86
1.09
7.98
8.43
2.2
0.39
2.7
7.29
8.62
7.27
9.03
2.51
0.5
2.11
3.6
7.98
3.3
0.02
5.13
3.49
3.67
3.48
8.45
2.56
4.05
3.11
0.11
2.52
8.05
8.82
8.04
7.39
1.63
1.36
8.03
2.65
3.56
2.08
3.56
5.79
1.77
4.54
8.51
6.1
1.69
0.49
5.15
1.93
3.79
7.34
4.27
4.41
8.28
5.23
1.43
7.94
8.42
5.37
2.95
8.56
6.8
0.65
4.64
2.95
9.36
8.01
5.04
7.47
6.7
0.21
7.58
1.18
8.43
1.77
7.98
2.5
7.38
2.99
1.42
7.77
0.62
5.82
1.7
9.09
4.4
1.26
3.55
5.71
8.63
4.65
9.05
4.11
9.17
1.08
6.11
7.89
1.48
9.83
7.7
1.0
1.56
5.84
7.29
6.56
8.76
8.25
3.07
5.94
6.77
1.76
9.74
5.36
9.3
5.49
2.38
8.66
1.93
6.48
5.08
3.46
2.01
0.58
1.23
6.93
5.77
3.01
9.05
1.3
7.06
0.2
4.5
9.95
3.56
4.94
3.99
5.08
2.52
7.14
3.7
7.55
7.04
0.83
5.78
5.07
2.34
1.42
8.12
5.43
9.72
1.68
6.7
6.81
2.71
1.62
6.49
2.52
2.41
9.78
3.45
3.21
5.59
5.01
2.98
9.49
8.71
9.31
8.26
3.86
5.65
9.37
1.96
8.82
9.35
6.31
7.75
3.9
3.85
3.58
7.71
4.2
9.17
0.86
8.22
3.73
6.09
5.16
1.92
6.14
2.68
9.45
0.33
7.92
9.92
1.41
4.57
2.0
6.39
8.86
5.27
5.94
1.4
5.97
7.12
8.12
9.58
3.4
4.51
9.1
2.74
8.83
5.49
3.8
2.07
9.65
5.31
9.35
2.69
9.17
9.4
9.9
6.67
6.89
7.11
1.32
7.25
6.01
5.55
3.85
8.33
6.2
0.5
7.1
8.63
7.89
4.3
7.35
8.31
6.65
4.58
8.33
2.66
7.71
6.67
1.66
8.7
2.99
2.84
7.96
5.19
5.69
7.5
2.71
3.25
4.6
6.96
1.44
1.14
9.49
1.63
8.91
8.83
7.47
2.16
9.23
2.15
6.05
2.23
4.42
7.75
1.21
6.62
5.85
8.77
9.1
2.44
5.54
5.4
9.69
2.68
5.45
1.91
4.69
7.18
7.41
5.35
2.81
7.0
3.21
9.82
1.4
6.69
6.82
8.25
3.2
7.32
1.96
3.03
6.11
8.06
9.08
3.5
1.16
6.27
2.57
4.1
0.66
1.4
3.99
1.53
8.69
5.56
0.31
8.9
3.54
5.3
2.4
8.02
7.8
1.83
5.41
9.88
3.89
7.15
0.52
4.62
9.15
7.29
1.84
7.42
1.69
1.0
4.14
3.66
2.33
3.92
2.98
0.64
6.1
6.15
6.76
3.93
3.09
3.83
0.41
9.2
2.14
4.75
5.36
4.36
3.44
0.17
5.79
5.66
2.17
9.68
0.72
9.45
8.1
4.15
6.41
3.5
3.41
8.18
0.51
7.77
1.03
9.04
1.29
9.33
5.78
1.06
5.22
1.3
6.33
7.64
0.84
0.48
8.4
5.51
7.21
0.05
6.43
8.11
0.89
4.27
1.21
4.57
3.24
3.95
9.19
5.2
3.55
2.97
8.78
0.21
5.77
9.7
7.56
4.97
2.91
4.65
0.48
0.12
4.13
8.21
3.53
3.0
7.43
7.39
6.76
5.82
0.77
5.07
9.8
5.82
3.41
9.67
7.46
5.96
9.5
3.62
5.59
8.34
2.55
3.08
1.09
3.57
8.08
2.88
6.12
1.6
7.57
8.74
9.01
1.71
6.7
1.06
4.27
3.62
6.33
1.98
5.61
8.56
5.95
9.73
1.79
1.01
6.47
1.0
9.33
1.33
7.9
4.53
6.33
5.98
6.68
1.31
4.88
5.94
2.09
3.4
0.93
1.77
4.24
1.95
8.01
5.57
4.22
0.63
9.23
3.34
1.72
1.71
5.42
2.98
1.74
3.77
0.51
3.36
3.38
0.31
6.95
4.86
7.06
0.39
0.13
3.29
1.85
3.39
4.39
9.83
2.28
2.33
3.05
1.07
0.91
7.73
6.88
2.34
7.13
1.97
9.45
0.05
8.77
4.49
3.23
6.03
2.46
9.82
8.19
4.97
0.77
2.98
8.12
0.33
4.68
5.08
4.96
9.32
5.5
0.78
2.42
8.62
3.65
2.65
5.3
8.65
7.34
1.41
4.34
3.78
8.21
5.97
6.63
2.03
3.22
6.49
8.6
0.9
7.56
4.06
9.5
3.19
7.01
0.59
2.66
1.88
4.79
6.48
5.68
9.57
2.07
0.91
3.09
7.5
7.1
8.74
7.77
8.99
1.52
5.73
6.92
2.5
3.61
1.94
2.63
6.88
3.58
9.71
7.29
1.03
3.92
5.06
9.07
3.37
1.66
6.27
7.43
2.38
7.73
9.44
7.82
5.62
7.39
4.38
6.75
9.69
3.84
5.05
1.48
5.97
0.43
3.54
0.36
5.23
9.0
2.4
8.97
4.88
4.39
8.69
7.44
3.22
2.2
9.09
1.31
8.93
0.66
3.07
1.34
9.4
5.23
5.05
5.99
6.71
7.85
4.69
4.33
6.76
0.32
6.73
3.98
6.12
2.69
9.96
1.41
5.75
1.86
5.69
4.61
9.23
7.39
1.73
7.76
4.31
0.88
2.55
8.37
5.58
4.67
0.84
1.04
8.82
5.75
2.09
1.38
4.87
6.36
6.16
2.36
6.98
4.14
8.1
3.29
2.9
5.81
0.77
1.94
9.38
4.09
6.61
1.94
6.22
4.08
2.84
8.69
2.21
2.41
0.87
4.94
0.23
1.26
3.23
8.81
6.67
2.4
2.67
7.12
8.88
2.6
2.94
1.11
6.67
3.23
3.54
2.23
3.92
0.65
7.19
8.53
5.89
3.47
1.49
2.88
2.98
1.26
0.52
1.22
8.09
9.68
3.34
8.41
4.71
4.91
0.62
4.21
9.9
7.93
9.43
6.03
3.38
5.39
6.58
9.93
7.88
6.89
2.65
7.03
1.33
1.38
5.02
1.26
5.25
3.96
9.88
4.09
9.09
2.59
2.35
4.41
8.38
7.94
1.09
9.81
9.65
4.99
3.75
2.67
0.34
3.08
2.05
3.17
7.39
0.6
2.63
8.16
2.99
4.08
6.03
0.91
3.17
4.08
7.07
6.65
7.22
5.14
2.97
2.4
5.14
9.42
8.53
5.58
0.23
7.32
0.33
3.34
2.1
7.12
0.54
7.42
4.5
4.32
5.14
3.14
3.44
9.73
2.4
5.72
0.19
5.21
3.81
3.16
0.51
6.94
7.75
7.95
4.13
7.27
0.76
0.3
2.65
3.77
0.14
1.08
8.11
6.09
2.58
7.85
5.3
7.86
9.13
9.86
8.5
1.21
7.05
8.89
1.63
8.46
4.91
4.13
5.62
6.1
8.6
5.04
4.52
2.82
9.32
9.37
9.41
1.37
8.4
2.77
5.64
4.76
4.78
0.57
6.47
5.02
0.52
5.83
4.64
5.93
5.65
5.65
8.63
3.97
9.87
7.43
6.07
2.32
8.47
4.28
5.46
2.73
5.38
0.06
2.15
1.81
3.34
2.18
2.34
2.53
7.83
7.85
4.08
2.26
0.36
9.41
7.65
2.08
6.13
7.39
6.18
1.3
6.38
5.25
8.49
7.52
2.19
8.6
7.58
7.67
5.15
5.92
0.93
0.36
5.87
7.29
8.3
2.59
1.5
7.05
0.3
0.96
4.53
2.01
0.23
7.27
0.71
0.85
2.26
9.99
1.28
0.45
0.91
3.63
9.78
3.66
1.85
3.11
3.16
9.32
3.7
3.83
7.19
6.01
5.8
3.1
1.09
4.11
0.39
9.05
9.59
7.81
4.06
7.62
4.19
3.42
3.95
2.93
9.64
3.64
4.84
3.78
4.14
9.22
9.91
6.52
9.64
0.81
4.92
7.94
7.3
6.72
1.5
0.97
8.03
9.33
9.98
1.68
1.76
3.53
4.08
7.3
4.27
9.42
3.5
0.82
0.34
9.91
9.51
1.99
0.84
7.97
7.64
4.38
4.66
2.95
5.24
0.63
3.52
5.51
9.9
7.29
1.91
4.5
7.63
7.0
6.84
4.54
5.1
9.49
3.51
8.73
8.38
7.17
2.25
9.13
1.74
8.4
2.96
1.04
8.24
6.82
7.01
8.17
5.41
1.47
5.46
4.68
7.67
7.62
8.0
6.36
9.69
0.69
3.92
7.95
6.55
3.34
4.57
6.69
2.75
6.13
4.23
1.4
5.75
0.28
6.06
6.08
4.29
2.67
9.08
9.99
6.92
6.64
4.0
4.54
7.14
5.85
8.93
3.72
1.83
3.81
8.4
0.83
3.13
2.57
9.22
1.24
5.35
8.27
5.28
5.15
5.69
0.19
7.79
1.74
4.55
1.78
2.46
0.39
6.42
7.51
0.77
7.04
1.53
8.2
3.16
4.75
0.11
6.75
2.61
0.32
5.46
2.39
2.67
0.45
6.23
9.64
4.51
8.14
5.31
7.67
0.32
7.17
0.31
9.86
7.7
5.61
8.16
1.25
2.08
6.27
0.04
8.07
0.78
9.94
2.38
7.43
7.54
8.33
6.61
5.63
1.25
0.53
7.49
7.08
0.04
6.96
2.59
4.36
8.12
6.49
9.2
2.87
9.01
9.33
5.55
0.91
2.16
5.54
3.74
4.19
9.31
1.73
1.03
1.06
1.35
2.77
9.05
0.8
9.44
1.12
3.14
2.49
0.04
7.89
9.8
6.58
0.46
6.02
8.15
2.82
7.25
5.28
7.06
4.08
2.75
2.89
1.84
4.75
1.03
4.87
7.99
4.85
3.06
7.67
8.73
9.69
5.11
3.86
2.9
9.2
0.68
3.29
0.67
1.99
4.56
6.37
5.16
1.29
7.82
2.07
7.64
2.66
1.63
5.83
1.77
5.38
8.06
3.55
2.16
4.18
9.21
6.84
0.6
8.06
7.85
7.76
8.61
5.89
6.16
5.55
7.31
7.44
3.8
3.48
8.94
9.28
5.66
6.83
9.2
6.05
2.45
3.08
6.34
9.9
3.3
4.02
8.92
7.32
5.99
9.37
4.72
5.3
4.83
9.37
8.57
2.22
2.98
0.21
5.05
4.19
9.48
6.14
8.99
1.81
8.07
7.77
0.95
5.37
4.34
5.25
1.15
7.26
8.13
8.33
4.41
3.69
4.98
6.79
3.52
7.49
7.37
7.69
4.49
1.21
9.68
6.24
8.11
5.0
3.69
8.57
1.99
4.13
8.22
8.0
5.12
3.99
7.81
6.18
7.98
5.57
0.73
7.46
9.52
4.3
5.98
0.63
4.8
0.96
4.83
3.2
7.53
7.56
5.83
5.83
2.2
8.41
5.48
4.92
8.54
7.24
6.45
0.61
4.79
8.23
8.95
9.95
5.72
3.03
7.43
3.14
3.8
3.82
8.51
3.17
3.78
4.47
7.32
3.64
5.35
8.56
3.89
3.21
3.98
8.86
8.84
3.81
5.35
5.21
2.04
0.02
1.42
5.58
1.86
6.71
4.04
4.59
2.96
3.66
7.38
1.83
9.67
1.12
8.15
9.13
9.29
5.53
2.3
3.62
2.81
7.65
4.69
3.03
5.38
0.45
0.93
4.85
1.18
5.52
9.9
8.71
4.94
2.98
0.43
3.69
1.9
6.64
5.4
1.91
8.46
8.24
1.55
4.13
6.64
0.19
9.28
1.18
5.06
3.22
1.62
4.36
8.77
6.38
9.93
8.62
0.36
4.57
2.5
3.72
8.69
5.09
9.78
9.8
1.66
3.82
3.97
3.06
0.21
5.54
8.56
7.52
4.74
6.41
5.57
7.65
1.0
8.68
5.47
2.44
8.03
9.86
6.63
9.76
7.52
6.42
0.25
3.59
1.55
5.93
5.6
6.76
4.53
2.04
8.22
6.49
3.34
5.43
4.11
4.43
8.5
4.34
0.82
7.43
7.71
0.19
6.85
9.8
7.73
3.09
3.4
7.19
5.25
9.44
9.88
8.42
6.67
4.13
1.57
5.47
0.98
1.83
5.34
1.68
7.13
8.88
4.01
8.26
3.95
3.48
4.4
7.22
6.49
0.67
0.71
0.95
7.05
3.94
0.96
7.94
9.24
0.11
9.75
3.93
8.92
3.52
2.63
7.9
2.67
1.79
4.69
4.15
5.02
6.13
8.34
5.12
9.87
1.41
9.52
4.2
0.94
0.45
8.41
3.5
3.51
3.84
0.95
1.39
9.91
2.5
1.71
4.75
2.32
8.03
0.39
1.43
7.68
4.19
0.82
4.56
0.91
6.81
5.17
7.55
8.5
3.07
8.66
0.23
2.21
9.17
7.31
9.06
8.42
9.43
5.28
2.14
4.79
7.04
5.0
6.46
0.07
8.57
5.48
6.95
5.65
9.25
5.34
7.06
9.19
7.8
7.38
0.23
8.89
8.72
4.82
4.2
0.81
1.66
6.93
5.76
4.63
7.96
3.0
8.86
9.5
8.66
3.99
5.55
7.49
1.49
9.38
4.52
9.8
8.67
0.15
9.99
2.96
6.58
4.0
1.24
8.05
9.82
0.81
8.24
8.17
2.6
2.51
2.74
3.02
3.96
3.06
4.63
4.68
5.18
7.4
1.49
3.8
2.53
1.52
7.89
0.7
8.74
0.33
6.53
6.99
6.02
5.87
7.73
4.12
5.74
6.01
6.13
3.26
8.4
1.48
5.44
9.45
6.76
4.24
5.04
7.92
9.53
5.76
0.26
3.68
5.91
4.39
1.01
0.65
7.23
2.7
5.68
4.5
4.32
9.15
4.47
4.28
2.04
4.69
9.71
2.97
7.41
6.72
8.48
5.01
3.05
7.17
8.81
2.17
0.57
4.98
9.11
0.17
3.33
1.9
3.87
9.29
4.11
7.17
8.93
4.34
1.56
7.11
2.69
4.39
5.53
4.61
8.66
7.41
7.15
7.19
0.49
2.76
4.48
5.35
5.23
6.15
6.6
6.04
7.24
7.25
1.82
3.37
4.54
8.8
5.88
6.21
0.46
9.66
6.61
8.89
9.64
1.85
9.87
0.56
6.42
7.67
7.4
7.27
3.16
7.64
1.34
6.26
8.61
3.77
5.58
6.3
8.36
2.86
4.47
1.96
6.88
9.51
0.49
4.65
0.23
1.19
1.22
6.48
9.05
7.37
2.15
0.02
9.22
7.69
2.24
8.4
1.31
0.8
1.7
4.39
8.21
5.49
8.76
1.98
9.32
8.75
0.07
1.01
6.76
9.59
9.45
3.07
0.36
0.74
6.45
0.87
9.81
7.87
1.26
4.1
0.27
5.61
9.14
1.11
8.58
8.58
6.41
3.19
1.76
2.51
3.28
4.19
7.84
0.0
7.0
1.51
3.66
7.35
1.45
1.8
6.5
0.63
4.46
0.7
8.32
8.93
2.47
0.88
1.15
0.95
3.5
5.89
3.29
1.57
6.86
6.06
8.63
8.63
2.03
6.65
1.37
0.18
4.63
2.83
2.27
8.87
0.01
3.2
4.64
0.14
5.9
6.19
2.54
3.38
3.41
5.67
5.79
3.55
9.09
3.22
2.78
5.78
0.41
1.82
2.57
4.84
6.46
4.82
5.12
8.64
1.15
5.24
5.26
4.48
9.48
3.2
0.0
4.01
1.7
0.25
9.36
9.96
4.36
7.28
2.39
5.84
2.53
1.87
5.94
1.61
4.76
0.13
8.26
9.72
7.48
8.89
9.92
4.34
4.02
0.28
2.64
2.69
7.06
6.69
2.64
5.43
9.54
2.61
6.44
2.09
4.34
8.06
3.57
6.92
9.68
7.38
3.48
2.77
8.21
1.06
1.25
1.15
0.96
8.26
5.88
6.99
7.37
1.73
7.92
0.49
1.13
0.3
6.95
9.88
9.68
5.57
1.16
8.45
0.03
1.93
8.93
8.17
5.16
7.71
1.8
7.54
9.93
3.36
1.61
5.4
7.77
1.27
0.71
7.38
1.85
9.53
1.15
7.73
2.2
4.17
7.32
8.04
9.92
1.92
5.93
7.37
1.34
7.9
3.55
1.84
0.14
0.54
7.27
2.55
6.69
2.16
6.28
7.56
1.35
5.09
2.57
3.31
9.86
2.17
3.25
4.34
2.62
7.56
9.33
6.05
7.08
6.35
5.88
0.74
9.57
8.87
9.69
8.8
2.97
8.12
3.03
4.39
9.67
7.7
0.82
1.17
9.19
6.58
0.06
6.22
0.7
2.83
3.33
1.92
7.33
3.68
5.38
1.04
2.89
8.23
1.98
0.25
6.93
3.43
2.9
1.56
9.27
7.51
2.67
1.87
2.72
8.46
3.47
1.7
8.63
6.47
7.58
1.2
2.92
1.08
7.55
0.4
5.35
7.62
0.18
9.1
6.28
4.3
9.37
8.13
1.63
6.39
1.71
5.26
0.44
5.75
9.97
9.81
4.42
7.69
9.46
5.28
0.23
4.67
0.78
1.38
6.3
8.0
3.23
1.38
0.79
2.54
0.36
0.21
7.04
7.92
8.47
9.49
1.66
1.84
9.61
4.41
4.63
2.61
3.92
2.11
3.9
8.37
9.59
6.62
4.41
1.51
0.84
1.4
0.31
2.54
9.96
2.62
1.76
4.0
1.22
5.92
7.9
1.32
6.37
8.33
5.21
1.48
3.09
8.88
0.07
7.92
6.47
6.9
2.85
6.96
7.75
4.46
7.12
8.4
2.17
6.43
9.41
2.05
8.07
6.35
2.09
4.23
7.38
5.89
9.05
2.75
6.27
8.05
7.42
0.32
6.44
7.19
8.38
6.48
9.28
2.33
6.52
0.88
5.65
6.52
6.07
8.48
2.92
2.13
4.2
3.47
3.93
3.46
7.6
1.19
9.7
2.14
6.1
6.23
1.53
6.75
9.95
7.06
4.68
3.76
0.7
8.7
7.01
8.52
5.88
2.73
2.11
2.29
9.67
7.18
5.47
2.34
4.89
5.55
3.36
1.39
7.61
2.87
6.0
6.76
0.7
8.93
9.95
6.91
1.86
8.9
2.61
2.23
8.75
3.81
1.26
2.74
2.98
6.84
7.52
8.02
9.28
6.77
7.01
4.31
2.63
4.18
5.86
4.01
7.82
3.61
4.23
1.26
9.26
9.54
0.29
0.76
5.5
6.58
8.57
4.01
8.82
4.25
4.99
5.57
9.8
0.22
8.76
5.69
5.16
3.06
3.92
8.36
4.85
3.68
4.19
1.82
6.2
2.92
4.9
7.25
6.52
8.82
6.5
2.69
5.3
0.97
6.83
4.4
5.21
0.64
4.41
4.41
7.75
8.94
2.11
1.75
7.86
0.72
1.62
8.7
5.76
6.01
6.89
0.34
8.68
6.23
6.89
7.81
2.93
3.16
0.55
8.97
5.86
1.58
9.86
6.83
4.65
0.04
7.19
4.92
8.77
1.91
5.98
0.14
5.72
0.85
6.93
5.75
4.68
1.56
3.94
1.92
5.95
4.44
6.73
4.27
0.1
3.42
4.79
9.53
5.33
0.93
5.23
1.26
1.89
9.62
0.38
1.6
4.48
1.78
8.33
1.86
1.56
1.71
2.03
0.6
9.11
6.22
3.87
6.7
3.86
7.93
9.35
0.2
9.28
5.49
8.46
9.47
6.56
6.45
6.39
4.69
5.24
7.12
2.9
5.79
8.49
3.79
9.15
2.7
4.0
1.4
5.2
5.15
7.61
3.64
7.64
9.21
4.18
2.49
1.42
8.03
4.39
0.89
9.14
3.16
5.36
6.49
1.13
0.42
3.27
8.36
0.18
6.79
3.63
7.76
3.63
0.24
8.05
5.31
0.42
9.63
4.63
0.26
3.43
9.81
6.83
8.47
7.23
8.51
3.11
4.62
8.42
6.13
0.06
8.91
4.28
7.51
3.7
3.83
5.09
2.57
3.69
4.99
4.45
9.9
7.52
4.31
4.22
8.57
2.85
6.35
4.2
0.83
2.78
3.28
2.95
1.36
3.18
3.41
8.38
2.37
0.63
9.43
5.95
7.88
3.6
1.79
6.97
5.49
5.38
2.61
8.63
9.58
4.56
7.78
8.49
9.57
1.49
9.67
1.86
5.96
9.5
9.48
1.2
9.55
2.73
1.67
8.2
5.81
5.28
9.6
6.41
6.2
5.67
0.29
8.48
8.23
5.34
9.29
4.27
5.49
5.24
2.98
3.7
6.35
0.79
4.44
3.95
4.19
6.07
7.8
8.76
1.91
5.35
2.89
9.62
0.22
5.52
4.96
6.55
3.32
7.54
9.78
7.95
0.53
0.48
5.41
9.75
6.57
9.39
5.67
0.56
6.15
7.29
9.97
5.57
4.92
6.02
8.35
9.01
0.38
7.67
7.22
3.92
0.6
5.26
7.94
7.52
2.88
1.32
6.16
8.86
0.95
7.96
9.09
5.41
0.19
0.54
5.08
6.16
0.0
3.36
3.22
1.97
1.86
0.23
6.3
5.33
3.8
4.36
8.9
2.98
2.03
7.75
3.08
0.76
2.97
8.17
2.94
6.65
8.16
1.19
0.1
0.73
0.27
9.03
4.57
8.03
7.81
1.39
5.03
9.97
0.77
9.0
0.83
4.56
4.5
0.32
6.47
9.99
9.05
4.67
1.45
1.98
9.52
2.93
4.42
0.67
0.36
1.83
2.27
8.35
10.0
7.99
1.58
0.01
2.19
1.95
0.27
4.98
6.79
2.3
5.08
2.84
6.94
0.81
4.12
5.15
2.6
9.74
0.25
5.27
9.66
7.26
0.92
1.07
3.72
1.91
8.02
0.34
5.03
2.65
6.09
5.08
9.96
8.83
9.51
3.5
6.38
7.83
0.57
4.17
8.12
9.06
0.67
5.12
0.87
2.44
5.24
3.97
2.44
1.2
7.52
1.38
3.42
0.38
4.02
1.42
0.78
7.76
5.21
6.0
7.37
2.13
2.06
2.65
4.93
1.61
8.38
3.86
8.3
8.49
5.76
0.81
1.23
1.8
5.9
0.16
7.49
5.14
3.99
4.5
4.16
1.34
5.25
4.85
5.31
1.26
1.5
0.91
8.51
0.61
5.91
8.89
9.33
8.17
9.48
0.51
9.85
1.03
4.42
0.55
1.38
7.13
7.21
0.27
8.42
3.66
3.35
1.48
5.93
9.13
8.71
5.8
2.15
5.64
1.79
4.68
5.0
9.05
8.05
4.77
5.3
2.67
3.66
0.87
5.77
0.18
5.17
8.32
8.45
2.99
8.38
2.16
3.31
6.6
0.92
1.13
9.91
4.81
5.16
9.97
9.88
4.38
6.63
9.91
8.76
7.06
7.25
5.8
1.17
1.0
3.13
2.29
7.2
0.67
6.67
1.21
9.28
8.91
2.18
3.44
4.13
8.16
0.79
7.02
7.13
8.71
0.32
3.77
4.15
6.7
2.5
4.43
7.11
8.23
5.19
6.48
6.78
2.06
9.44
4.45
5.6
2.84
5.92
1.47
7.33
9.89
9.53
4.44
6.62
4.93
2.94
4.57
4.03
9.76
7.27
1.27
7.38
0.96
7.49
3.33
9.56
0.27
3.63
7.55
0.62
8.63
7.05
1.85
7.64
5.12
9.21
0.46
5.2
8.93
7.39
8.78
9.79
0.87
1.27
6.34
2.05
2.15
5.11
2.76
9.96
3.77
2.6
3.39
6.65
9.04
7.19
1.4
1.77
6.95
3.56
7.74
7.61
0.42
8.75
0.37
3.38
4.69
0.94
9.71
7.96
0.1
5.14
1.89
2.2
3.84
1.06
7.93
6.93
1.59
9.88
1.04
1.57
3.54
2.88
2.59
0.59
8.91
0.7
5.6
7.56
6.95
6.6
6.41
4.27
0.03
2.03
4.62
7.48
0.96
2.3
0.85
4.49
7.36
0.63
4.13
6.47
2.54
4.7
5.64
9.99
2.95
8.75
7.43
0.49
7.26
4.58
5.43
2.44
7.16
0.78
9.39
6.38
0.25
9.74
8.36
3.4
8.78
1.48
9.9
1.0
8.04
7.12
5.76
5.5
8.42
1.88
6.5
3.16
2.24
9.39
8.33
5.88
2.99
0.69
0.54
0.53
9.97
7.87
1.43
3.54
8.34
8.75
9.88
5.69
6.95
9.11
3.72
1.3
5.51
4.23
2.19
7.1
9.19
5.86
7.08
9.31
0.38
4.91
5.78
0.71
9.18
6.59
8.93
1.62
2.76
0.34
4.91
6.01
4.1
7.48
8.46
7.72
5.61
7.02
0.95
3.42
6.55
3.99
4.79
4.21
5.04
7.62
8.12
9.84
2.01
9.2
3.74
1.22
6.83
1.33
0.51
7.66
2.42
2.78
5.44
0.44
2.98
9.33
6.22
2.59
3.38
3.14
3.91
2.36
5.78
2.01
1.56
8.97
9.12
9.95
1.56
3.4
9.35
3.21
3.64
2.97
1.55
2.66
0.01
1.93
6.49
4.03
0.77
8.51
4.43
4.77
7.61
8.99
4.73
0.02
9.88
0.62
4.42
2.58
8.52
3.84
8.54
7.26
5.66
6.0
1.02
4.67
5.29
5.41
2.39
7.8
3.43
5.55
1.46
7.89
8.21
4.32
2.75
6.48
9.56
3.07
4.48
8.92
4.56
3.04
3.16
9.46
2.32
6.67
8.8
6.76
1.49
4.17
9.98
5.79
1.03
8.51
4.09
6.44
3.96
3.15
3.5
9.77
6.83
6.97
6.51
0.11
3.04
8.29
8.48
5.85
3.34
9.34
0.63
2.68
4.95
0.05
4.89
3.46
2.6
1.39
8.06
6.7
4.7
1.83
7.09
3.68
5.47
1.91
3.13
8.46
4.5
6.4
6.55
7.45
3.71
4.84
5.69
6.77
3.91
6.69
1.37
5.56
4.6
7.3
8.68
0.82
9.31
7.29
5.17
0.38
8.55
3.95
8.44
3.79
2.65
5.01
3.17
1.09
1.95
5.19
1.59
5.27
6.53
8.89
5.68
5.43
1.97
8.56
2.68
1.42
5.78
9.73
1.03
0.22
6.09
1.33
5.39
8.14
5.11
9.35
5.69
8.1
6.13
0.36
8.79
6.73
6.41
8.91
9.77
8.83
4.4
5.51
5.81
7.71
4.65
3.62
7.11
2.82
2.29
2.77
4.93
3.76
8.01
4.85
8.59
4.38
9.6
4.0
8.49
1.16
6.33
9.28
8.0
7.68
5.66
0.95
0.92
9.7
0.65
4.9
7.99
3.59
0.81
7.52
9.96
5.18
8.13
3.91
0.78
3.64
1.99
0.1
5.29
2.95
0.14
0.19
2.97
6.84
4.78
7.85
7.44
2.27
9.06
8.87
6.34
2.7
1.7
1.37
1.6
6.59
2.41
9.63
8.63
2.12
8.16
8.82
7.36
0.55
6.92
1.09
8.15
5.76
6.93
1.12
4.55
0.02
4.44
8.38
1.41
6.22
6.96
2.45
0.94
5.83
3.64
5.08
5.67
2.57
4.53
4.69
0.84
8.29
4.85
0.95
7.34
8.51
9.54
2.28
0.99
7.19
5.52
9.33
4.71
2.62
4.19
3.99
6.18
0.67
4.93
5.19
3.23
2.71
8.28
0.74
1.39
5.99
5.21
5.73
7.9
1.03
7.42
4.66
9.83
1.14
0.3
1.38
7.87
3.14
1.32
3.67
3.51
5.75
0.09
9.49
1.84
0.32
1.05
1.54
4.33
5.92
3.91
3.79
6.26
2.25
8.98
3.04
3.33
8.21
3.54
9.44
9.57
6.6
0.48
0.79
7.59
8.04
4.96
3.76
7.24
3.2
4.52
5.86
9.52
2.33
1.04
3.96
3.79
3.37
2.3
3.27
2.42
1.5
3.74
2.69
7.23
4.93
10.0
0.98
6.02
2.15
1.83
7.71
3.33
0.12
2.09
8.41
3.82
6.28
6.92
4.05
8.05
6.78
5.51
7.86
7.35
0.06
1.08
8.43
2.04
9.05
6.13
7.87
8.13
9.39
1.29
1.96
8.03
9.88
5.16
1.67
9.06
6.32
5.95
3.48
9.62
8.88
8.68
6.95
6.76
4.61
6.94
3.46
6.08
2.25
2.11
0.04
2.04
8.57
4.56
2.08
1.24
7.46
7.86
6.93
2.08
2.29
7.09
4.11
3.66
3.53
4.53
1.67
2.61
0.46
8.79
3.92
6.87
8.54
5.65
0.93
9.64
9.02
4.51
3.48
9.53
4.98
9.63
2.45
4.13
7.01
7.89
1.55
1.19
1.26
9.15
2.84
4.31
4.82
4.27
9.96
3.37
0.64
5.85
5.24
9.03
4.18
1.44
4.39
8.81
4.12
0.85
2.26
9.14
0.57
0.7
6.37
7.66
7.29
0.55
1.58
8.55
6.46
9.52
5.22
0.98
5.56
2.99
6.48
7.16
7.17
9.05
1.61
3.61
6.99
2.12
4.22
8.01
7.26
1.11
9.29
4.57
3.74
9.36
0.04
5.12
7.43
6.64
8.93
2.23
4.78
8.23
3.78
0.01
8.81
2.76
4.84
2.9
2.24
4.92
0.56
4.42
6.29
2.12
4.73
2.54
9.38
1.82
4.93
2.42
2.05
0.91
6.8
7.69
1.37
4.28
4.6
0.26
7.95
2.83
8.59
3.73
9.66
5.46
9.71
6.84
2.41
3.68
9.94
5.49
3.42
3.73
9.21
7.06
9.7
6.76
0.5
2.96
4.38
7.43
3.9
9.87
2.02
4.92
7.08
2.37
0.73
0.6
6.71
7.63
0.05
1.69
0.69
9.16
8.64
1.29
4.83
6.8
8.89
9.2
5.07
2.3
6.14
8.38
2.12
5.96
2.6
9.7
9.82
7.19
0.77
1.25
9.89
3.46
5.29
1.23
4.82
5.43
4.56
7.55
8.47
4.05
1.37
9.51
1.61
1.13
0.43
3.16
3.99
9.59
7.47
5.54
8.55
3.66
4.13
9.04
6.42
6.91
3.21
3.03
1.92
0.14
2.77
7.75
7.58
5.98
1.23
3.09
5.37
3.93
9.1
2.48
0.06
7.21
3.76
4.13
3.82
1.02
7.8
2.96
9.54
7.83
6.48
8.57
2.05
2.3
9.63
7.76
9.08
6.27
0.93
8.68
6.22
2.02
3.88
6.03
0.11
3.45
2.25
7.33
6.4
2.67
2.83
3.09
9.99
7.12
1.76
7.77
8.71
6.9
0.01
5.42
1.47
2.28
5.31
6.69
1.51
2.89
3.44
0.81
5.85
8.67
3.56
7.33
5.19
1.25
8.27
4.4
4.06
7.78
8.34
0.39
8.31
6.94
5.84
9.5
6.15
0.67
1.59
2.32
9.95
4.17
6.32
9.81
3.46
8.71
8.07
0.62
0.23
5.34
0.83
8.84
1.83
0.52
3.37
4.03
2.74
6.41
4.36
8.61
9.58
6.41
5.57
9.3
8.43
3.84
3.14
9.37
7.1
6.23
1.07
0.5
1.59
5.89
9.44
4.04
4.2
0.35
8.59
5.74
4.45
0.46
9.7
9.67
6.19
3.42
2.68
0.96
0.48
1.5
7.19
8.59
4.61
3.72
6.35
5.47
7.71
5.47
9.82
7.4
3.62
5.62
4.99
0.92
9.9
1.37
8.27
1.19
0.77
3.9
9.07
2.13
0.16
3.29
2.15
5.46
7.22
1.42
1.15
4.32
7.77
9.44
8.87
2.04
9.08
7.37
8.12
5.52
9.24
6.44
3.45
5.57
6.49
8.75
3.93
5.91
4.97
8.12
7.77
1.18
1.0
5.74
6.03
8.19
0.09
5.58
1.07
1.16
2.55
5.52
1.35
4.21
0.93
8.9
0.36
5.2
2.02
9.09
2.19
7.73
6.47
6.31
8.54
4.79
1.39
8.21
8.08
8.42
8.69
0.58
1.49
1.18
1.06
1.24
9.52
7.37
9.86
8.31
6.8
3.67
7.51
8.35
9.92
7.08
2.38
4.49
7.12
9.08
6.92
6.21
5.43
8.44
7.4
8.52
5.1
6.94
8.18
9.59
0.27
0.4
4.26
2.47
7.6
5.95
2.42
2.2
3.64
5.68
8.7
0.4
9.53
1.76
2.09
8.11
7.05
0.64
5.7
0.88
2.04
9.21
1.01
0.07
3.34
1.37
1.95
0.71
9.83
2.62
6.68
3.39
5.36
7.0
9.81
6.58
6.75
3.28
3.23
6.7
6.32
2.11
5.5
4.75
1.21
4.49
5.91
6.79
8.83
8.53
4.83
7.3
0.11
0.79
5.99
2.98
8.86
3.04
9.06
7.21
9.0
8.64
8.23
2.05
6.34
8.79
9.41
3.26
6.96
2.59
1.06
6.48
0.28
5.26
8.26
1.28
3.53
8.58
9.26
5.13
0.21
6.72
1.11
8.16
9.97
7.6
7.76
9.31
7.73
3.0
1.36
9.67
8.27
9.25
8.16
5.4
5.44
1.47
7.31
8.11
2.04
8.24
1.19
6.66
5.69
8.93
6.09
6.54
5.43
3.34
7.21
8.55
5.94
0.81
7.89
5.06
6.63
8.85
3.52
5.99
6.43
5.14
2.06
9.38
2.04
5.15
3.28
0.46
6.41
0.77
2.39
9.94
7.52
5.48
4.06
6.63
4.41
0.04
0.12
4.97
2.31
9.79
8.25
4.16
1.44
9.06
5.24
4.87
0.69
2.71
2.02
2.18
5.05
2.23
7.39
6.42
8.86
1.79
1.73
1.9
1.91
2.96
5.12
6.6
2.08
0.45
0.22
7.32
4.16
6.91
9.39
2.21
3.18
1.84
5.79
8.57
7.57
5.05
1.03
7.32
9.44
8.23
2.84
5.4
7.39
6.03
3.97
6.41
4.31
9.4
3.45
7.61
4.66
6.85
5.75
6.46
6.86
5.48
1.08
5.13
2.51
5.85
9.06
4.48
1.5
4.66
3.49
1.8
3.07
5.69
2.06
8.03
3.37
8.75
3.25
4.42
5.97
4.26
7.18
0.23
4.71
2.91
1.76
1.12
3.82
4.38
6.67
7.23
9.16
7.87
9.2
0.83
5.35
0.05
7.33
8.83
3.66
8.45
9.79
1.6
9.36
7.7
2.51
7.34
3.86
0.14
4.21
1.45
6.72
7.13
6.82
3.74
8.94
4.62
9.3
1.54
3.92
1.61
5.34
2.27
6.98
6.43
5.52
3.36
7.24
0.54
4.41
6.22
6.01
0.61
8.04
0.96
9.74
4.31
4.0
9.39
0.69
7.56
2.32
3.64
2.1
1.34
4.62
9.39
0.68
6.97
0.94
9.45
7.89
3.12
9.61
8.95
7.2
5.71
8.49
4.24
9.14
6.11
0.62
4.42
9.59
8.58
2.07
5.59
0.59
8.81
3.79
5.96
9.02
9.53
3.95
8.83
8.8
5.46
2.44
4.61
8.62
4.69
5.45
7.05
3.2
4.48
8.2
4.09
8.83
9.05
6.84
7.97
2.82
6.85
1.55
3.69
2.58
0.22
6.97
5.33
8.07
9.93
3.26
7.05
1.97
2.77
2.12
5.18
8.16
8.49
4.35
4.25
3.91
3.79
7.41
4.43
7.66
2.93
4.03
6.03
1.32
3.85
5.48
3.94
9.61
2.27
7.85
4.09
3.02
2.44
5.78
7.36
3.26
4.09
1.98
8.61
2.2
8.27
8.36
4.64
9.64
2.58
2.73
1.41
9.55
9.19
8.34
7.62
2.06
1.14
3.89
3.68
4.35
3.81
1.21
9.78
4.87
8.05
2.54
0.41
1.44
0.88
3.8
3.7
6.31
1.92
8.12
7.06
7.83
5.43
2.07
9.92
8.46
9.4
2.25
7.88
1.11
2.8
2.35
6.93
5.1
4.02
6.66
4.24
9.23
3.73
1.46
5.85
6.43
1.58
8.96
8.62
6.47
4.31
4.5
4.79
0.61
3.21
8.76
2.33
2.56
1.84
1.3
9.86
3.27
4.4
4.1
2.97
0.38
0.98
2.73
9.83
4.14
5.65
2.9
9.42
6.26
1.25
2.34
9.6
0.21
2.96
0.96
3.23
9.86
8.54
5.53
7.17
0.05
4.26
1.61
2.56
3.95
1.31
3.84
8.3
1.52
4.03
7.84
6.02
6.13
0.15
1.72
3.8
1.31
5.73
6.74
8.05
2.99
9.53
0.16
9.56
8.66
0.18
4.38
9.54
3.36
7.8
4.72
4.06
7.34
9.16
6.52
2.36
8.98
9.03
9.57
3.15
9.44
0.24
5.87
5.73
3.57
4.21
3.47
1.53
3.66
9.37
2.25
6.0
0.33
7.54
7.61
8.07
7.45
4.9
1.25
4.79
6.75
0.34
3.77
7.85
8.43
6.5
1.13
0.06
3.22
2.65
8.99
4.25
5.23
0.33
0.48
3.49
5.4
3.74
9.72
7.39
5.63
6.01
2.25
0.97
3.65
5.94
2.91
2.93
4.3
0.35
1.47
2.17
7.22
2.19
0.65
2.87
8.49
6.2
7.53
9.88
9.15
8.98
6.6
2.8
7.56
1.07
0.62
9.73
1.15
1.08
4.86
0.17
1.24
4.42
5.27
8.57
6.66
8.01
6.94
3.02
6.97
2.15
1.3
2.19
0.15
5.06
9.12
8.0
9.82
0.6
1.07
5.34
7.02
7.57
8.85
2.73
0.53
8.63
4.52
8.7
2.66
7.43
0.91
2.95
1.11
0.88
7.97
1.88
4.03
9.73
1.25
2.73
2.42
9.99
0.8
5.75
6.92
7.92
7.66
9.61
3.0
7.06
9.98
2.02
8.09
2.79
0.11
8.24
3.14
7.13
0.13
7.36
4.53
4.5
4.38
0.31
2.58
7.36
0.85
5.32
6.22
7.71
3.1
7.0
6.07
9.34
8.43
0.88
3.06
1.09
6.2
5.86
3.64
3.65
6.23
2.92
6.18
2.53
9.15
6.43
3.63
9.62
1.69
3.94
7.24
1.25
6.13
4.32
0.3
8.73
8.57
4.94
1.62
7.92
2.16
3.09
0.3
3.87
8.36
6.08
4.1
0.81
8.97
4.74
0.98
2.68
1.97
8.45
1.38
4.36
4.44
8.07
7.36
2.44
6.82
1.85
4.55
5.16
4.07
3.55
4.98
4.7
0.44
0.67
0.08
4.6
3.26
9.29
9.18
3.28
4.33
0.52
5.64
9.7
7.87
1.96
5.31
6.1
1.48
0.19
8.5
3.39
4.6
4.96
0.97
7.48
5.62
4.73
9.31
2.98
7.57
2.3
9.62
10.0
1.14
1.04
8.33
7.64
8.46
8.2
8.8
9.2
4.39
4.74
3.74
2.03
6.17
9.15
5.39
9.37
7.03
9.17
3.16
6.33
0.69
4.53
8.45
1.72
9.48
5.57
0.29
7.42
4.49
5.36
4.09
7.94
9.55
0.64
2.83
7.69
4.14
2.06
2.0
4.84
7.34
2.99
4.54
1.7
4.18
5.71
8.15
4.92
3.37
3.1
8.45
2.63
6.53
7.33
4.53
4.47
6.19
3.18
8.24
8.21
4.1
8.0
0.92
5.06
0.09
2.86
4.61
8.51
9.56
5.2
5.94
7.42
6.91
9.06
6.53
6.86
4.31
2.44
5.65
5.95
1.72
2.03
3.31
1.42
7.34
8.31
8.46
3.82
2.76
8.7
6.38
8.28
7.92
8.82
8.31
6.47
4.99
1.41
8.65
1.29
4.66
4.3
9.2
3.19
3.99
2.67
2.8
7.43
6.48
7.76
8.62
8.93
5.18
9.41
5.18
8.41
2.22
9.04
2.6
5.58
2.62
6.81
6.63
6.09
6.57
2.35
6.26
8.16
0.9
8.05
5.68
4.55
6.59
2.91
1.19
7.79
9.78
2.96
6.51
0.34
1.22
4.42
8.43
0.16
3.51
0.24
9.3
1.06
3.93
1.32
9.01
9.36
5.68
4.32
9.96
0.06
6.77
7.85
3.53
4.22
2.77
4.37
0.03
0.53
6.79
8.64
3.81
0.25
3.47
3.92
5.2
6.15
9.24
4.53
5.64
7.93
7.89
7.18
1.41
7.25
9.86
8.5
7.55
8.92
4.31
9.36
3.62
2.41
7.63
5.46
6.08
0.19
2.96
4.46
2.02
8.5
6.97
4.61
2.6
9.79
3.79
1.37
3.59
1.97
1.52
4.89
4.29
2.49
9.15
7.75
4.83
1.44
1.42
3.68
1.32
3.02
4.86
2.68
5.98
2.18
1.21
7.42
0.93
7.38
7.61
3.36
4.02
6.76
6.03
3.32
2.39
2.32
7.07
3.57
8.2
4.19
9.39
0.41
3.92
8.5
5.29
6.78
6.76
6.56
7.86
1.46
8.48
3.17
3.92
4.73
0.0
7.43
4.51
6.05
4.73
2.72
1.56
6.33
1.37
4.95
7.35
9.21
1.49
7.75
5.97
6.88
2.61
7.79
3.12
3.68
2.1
0.05
5.09
5.18
1.53
0.77
1.98
6.1
8.13
9.37
3.44
4.18
1.4
5.83
5.07
4.04
7.54
7.9
3.64
6.42
7.78
4.95
3.0
8.99
0.88
7.79
0.45
4.3
2.19
4.48
4.64
1.79
0.12
1.61
7.13
2.61
4.84
8.9
9.47
3.11
1.14
4.92
6.04
7.99
9.5
3.27
1.94
0.19
7.46
3.13
6.2
2.24
4.24
1.06
8.32
2.27
1.53
2.88
6.99
3.6
7.1
8.22
7.5
1.38
0.13
2.51
9.82
8.71
3.52
4.71
4.04
9.73
1.83
7.58
3.11
6.15
2.21
6.96
2.72
4.26
8.0
9.76
2.0
9.96
1.9
5.06
0.1
2.02
8.72
1.37
2.07
9.98
0.57
2.78
1.5
5.91
7.13
2.37
9.51
6.95
6.03
5.56
0.93
6.12
5.62
0.96
2.77
7.58
3.8
9.6
9.68
0.15
0.53
9.76
2.98
1.11
0.79
2.41
9.39
8.59
4.47
7.05
6.93
6.44
6.55
5.79
3.15
8.05
6.7
5.2
6.03
6.65
6.78
9.95
5.61
8.88
5.4
6.88
3.59
9.31
2.79
8.81
1.06
5.92
6.02
2.16
6.44
8.15
8.99
0.16
0.33
0.83
0.05
6.77
3.6
6.75
0.71
6.66
7.84
1.94
3.23
2.45
9.7
6.03
8.57
8.87
4.62
7.55
9.24
8.89
0.98
5.33
3.73
5.9
2.66
9.32
1.61
0.43
4.08
9.98
7.38
8.16
2.2
6.93
9.86
7.78
2.89
3.74
7.16
3.01
9.2
8.8
9.83
6.83
5.21
8.18
6.83
0.88
4.66
5.52
0.24
6.05
1.03
6.38
2.4
0.72
5.23
2.48
9.9
7.61
2.81
1.16
9.18
4.03
8.14
1.37
3.73
3.14
7.84
1.7
2.93
6.32
3.55
7.48
4.53
6.13
2.87
6.1
0.98
9.07
8.45
2.85
5.74
2.4
0.75
5.36
4.67
8.95
4.64
6.14
0.29
0.7
0.82
2.3
7.15
1.46
0.85
7.83
9.37
1.21
6.73
6.21
1.08
4.42
4.95
0.51
5.41
2.05
1.84
4.94
2.93
8.72
3.5
2.64
2.63
8.23
2.02
3.08
8.71
8.93
3.44
3.09
5.51
2.84
8.28
3.66
3.03
4.2
7.96
0.66
9.24
2.59
5.92
4.52
2.73
2.65
6.19
6.2
0.15
4.81
6.31
1.37
9.57
7.57
5.52
9.8
3.69
4.09
9.9
4.44
7.02
0.0
7.8
3.72
4.11
2.32
5.85
2.86
0.84
5.03
6.9
0.89
6.8
1.6
7.27
9.47
9.8
6.66
1.36
5.33
5.3
3.03
5.74
3.02
2.39
9.32
7.66
2.38
6.34
6.2
0.71
2.26
7.67
7.93
0.65
9.38
1.48
2.05
2.53
5.23
1.88
7.39
1.57
9.17
3.06
2.39
7.21
6.65
1.9
0.83
4.41
3.87
0.62
1.52
5.04
6.14
6.72
0.87
7.22
5.87
9.55
7.17
9.02
6.54
6.97
8.4
0.88
4.11
9.68
5.82
3.79
6.31
0.83
4.37
4.02
5.51
4.75
8.33
5.93
2.48
1.16
2.19
8.3
6.32
1.05
7.87
0.34
7.67
2.82
7.58
4.89
3.72
8.46
3.74
3.48
7.57
9.88
9.56
5.48
8.36
4.97
5.99
7.91
8.21
3.11
5.59
9.08
6.0
8.85
8.81
3.88
3.7
8.97
5.62
7.02
4.32
9.19
6.7
1.54
4.5
3.1
0.11
6.24
3.37
0.96
3.21
4.4
3.53
6.14
0.58
4.81
4.69
8.27
4.57
1.57
9.31
4.68
5.13
3.33
1.24
6.31
1.46
0.97
2.24
1.75
1.47
3.81
1.43
8.3
4.11
0.53
1.74
4.05
4.67
3.29
3.86
1.37
7.02
3.14
8.49
2.45
9.38
0.69
8.55
4.05
7.53
5.78
5.21
9.93
9.43
6.77
1.78
5.59
9.86
6.34
3.92
5.02
8.03
3.11
9.29
5.65
2.78
1.15
8.98
7.65
9.03
6.46
8.88
7.96
5.86
8.21
1.03
5.23
1.16
8.05
3.09
1.33
2.27
2.02
7.22
7.15
6.92
5.86
5.15
4.78
6.23
9.0
6.59
7.73
7.71
8.54
5.09
6.05
5.85
4.42
0.81
8.25
0.09
8.42
9.12
3.87
5.91
2.07
1.11
5.3
7.3
0.88
0.83
1.34
7.56
7.91
1.38
2.35
4.39
6.99
8.03
7.54
7.5
2.47
4.95
5.43
1.58
5.31
0.59
2.32
2.39
2.17
9.26
1.55
8.12
3.51
1.41
5.03
4.15
2.15
2.5
9.82
3.24
8.38
4.54
7.21
3.81
1.69
0.1
2.41
6.81
3.71
5.65
1.68
3.83
5.48
1.56
8.61
7.76
6.64
4.34
2.45
1.15
4.25
5.49
0.86
7.81
9.78
6.94
3.6
0.36
7.4
7.1
1.67
3.81
1.82
2.91
2.37
6.02
3.59
3.38
9.21
5.05
1.7
3.85
7.93
5.31
0.7
0.33
6.12
1.45
7.89
3.25
9.02
4.59
6.15
3.07
5.43
2.52
7.51
2.92
4.09
7.07
3.56
8.34
7.1
6.33
2.97
9.72
5.11
7.34
8.09
3.42
3.9
3.24
2.78
3.8
7.84
7.21
7.71
7.97
9.73
6.55
4.36
0.43
2.93
2.83
2.43
5.83
5.59
1.6
4.55
3.31
2.9
3.48
5.11
1.2
2.04
1.61
5.28
2.87
4.95
0.47
7.76
1.42
8.51
7.0
8.94
2.47
8.9
0.78
8.82
2.84
4.55
1.02
8.9
7.55
8.95
6.3
1.28
1.69
8.47
9.0
1.11
4.82
8.17
0.5
5.47
1.89
6.6
4.61
3.32
4.58
3.21
6.01
2.82
3.41
7.96
6.05
5.34
8.14
2.79
1.46
7.19
3.73
8.69
1.28
2.09
8.62
7.81
7.73
9.42
7.15
0.69
7.9
6.73
9.38
5.8
1.51
1.54
1.09
7.48
1.41
3.72
7.33
9.23
1.15
2.06
4.35
8.33
2.19
2.72
1.49
0.39
5.97
2.1
7.77
6.97
6.91
7.08
3.4
0.53
4.48
7.86
1.02
2.61
3.86
3.37
7.45
2.8
4.93
9.14
7.27
8.21
7.52
3.69
4.67
5.02
4.69
7.73
4.88
2.52
9.52
3.39
8.63
8.14
5.81
5.71
0.83
9.86
8.31
3.76
9.34
0.3
4.71
6.51
8.9
4.62
9.98
8.24
5.92
3.12
8.25
5.99
9.86
5.79
8.14
1.74
7.19
1.46
2.12
4.74
9.53
8.41
8.94
8.32
9.66
2.19
5.84
1.22
0.7
0.96
9.06
2.91
4.44
0.52
3.45
7.83
8.8
7.99
2.19
3.36
1.25
2.59
6.61
0.06
5.43
5.49
1.8
9.43
9.52
0.5
1.26
3.07
5.83
5.39
5.66
0.23
6.21
1.61
8.24
5.95
3.21
8.81
2.83
4.82
8.96
8.26
2.56
6.77
5.59
0.13
0.82
6.61
6.71
2.69
5.6
7.4
5.16
0.87
9.53
9.47
7.79
5.3
3.24
6.88
1.56
2.68
2.28
2.05
6.38
9.07
2.33
3.75
6.1
9.01
8.78
4.99
4.18
2.11
8.62
1.3
3.71
7.34
7.17
8.78
0.84
8.98
0.27
0.18
3.49
0.41
5.8
1.09
8.17
5.5
5.29
0.48
4.49
1.2
5.2
1.53
8.34
5.44
9.13
1.19
3.45
0.47
0.04
1.49
1.38
0.99
3.92
1.4
1.85
8.41
4.33
1.97
4.71
9.9
5.59
8.5
7.12
3.83
1.29
1.55
3.83
6.28
8.33
8.8
1.77
5.69
0.66
6.26
2.13
9.14
2.07
6.75
8.49
5.36
8.03
7.0
4.3
0.26
6.86
9.83
5.16
1.45
0.65
5.93
4.54
8.04
9.01
5.66
8.73
9.17
0.04
9.85
9.58
6.81
8.76
8.62
7.76
1.96
4.95
6.98
9.42
0.8
8.69
0.31
6.35
9.33
8.43
1.41
8.04
5.93
7.94
9.9
3.59
3.19
4.65
0.7
5.45
1.79
5.18
5.53
5.94
1.46
3.04
8.04
8.39
9.7
4.44
0.82
6.58
7.41
2.42
1.9
0.6
7.41
9.23
6.92
0.59
3.57
3.53
8.86
5.97
4.18
7.9
2.83
3.01
5.81
0.06
4.85
4.42
0.08
9.99
2.66
1.71
7.93
4.57
5.72
2.32
4.95
1.52
7.59
0.68
4.18
3.68
8.87
0.5
2.03
7.97
0.14
3.27
6.58
1.74
1.16
4.13
5.79
1.01
2.82
7.89
4.55
3.53
6.76
3.03
3.08
3.56
0.83
6.98
6.63
9.5
8.22
4.33
2.21
7.16
9.29
3.07
8.02
5.92
8.05
8.66
1.67
3.06
3.84
5.69
9.94
4.97
9.69
5.68
9.96
3.89
9.46
5.87
7.05
9.94
1.3
8.22
0.85
4.61
3.09
0.86
7.11
9.97
5.65
6.1
8.38
6.91
4.45
0.25
5.01
5.77
9.48
8.69
7.29
6.94
4.02
9.09
8.6
9.14
4.89
9.71
3.81
5.2
1.18
2.14
9.5
1.15
2.51
3.51
3.72
1.87
1.54
6.31
5.6
9.39
5.3
9.91
1.95
3.61
9.51
2.79
1.35
5.07
3.68
8.99
3.72
5.47
5.28
9.15
3.97
1.98
5.99
7.08
8.42
3.64
1.47
8.05
7.74
5.7
2.92
3.42
2.75
8.4
4.18
9.24
0.91
0.61
6.88
9.43
8.06
9.42
1.78
2.55
2.69
6.62
5.69
2.09
4.71
9.57
1.37
1.4
7.81
1.51
5.84
1.5
3.6
9.6
9.41
9.04
2.09
8.31
3.59
6.54
2.25
3.07
2.24
8.81
6.66
9.88
5.09
8.32
6.31
2.01
5.27
7.69
3.37
4.2
4.22
6.67
7.46
5.15
0.83
5.3
3.89
6.67
3.27
4.85
8.51
2.78
7.69
7.48
8.02
3.78
1.96
4.15
1.55
8.29
0.62
5.1
0.97
5.13
3.27
7.27
5.17
3.33
9.67
8.74
2.1
9.25
8.03
9.09
1.22
3.03
8.77
3.96
3.14
2.08
6.7
3.2
9.47
2.27
0.72
3.12
0.2
9.54
5.21
9.46
6.27
2.21
8.74
3.08
9.64
1.02
8.19
3.17
4.4
0.8
7.17
4.71
8.45
4.73
2.16
0.18
4.23
1.46
5.3
4.7
2.62
4.41
4.44
2.84
7.93
3.51
2.57
7.13
5.29
3.92
4.82
1.05
5.2
7.8
0.69
7.55
5.78
8.4
7.4
4.89
7.1
4.05
7.3
0.77
1.61
5.49
0.8
2.62
1.56
1.53
2.18
5.93
4.18
8.01
5.19
5.22
9.64
7.72
1.92
7.53
0.62
6.21
5.14
7.62
7.04
5.41
5.1
2.5
1.36
3.76
9.18
0.02
1.09
2.39
8.21
9.94
4.95
9.22
1.59
9.0
6.37
8.18
3.95
6.98
9.08
1.41
4.48
7.08
8.02
9.91
3.98
0.89
4.72
1.95
4.32
7.98
8.22
7.03
5.68
6.15
8.11
0.58
8.42
0.27
6.21
9.37
8.3
4.42
9.1
9.52
3.53
0.77
9.9
8.92
7.72
6.54
7.9
5.87
3.6
3.29
1.24
5.53
8.78
2.44
4.73
5.75
3.9
7.24
7.66
6.34
4.35
1.83
6.93
7.48
6.98
7.55
9.04
0.03
0.88
6.8
2.96
0.12
5.69
8.6
9.96
3.57
8.46
6.23
7.84
1.26
2.04
5.21
9.62
2.86
1.09
1.37
0.44
1.88
3.21
0.71
6.08
3.59
9.7
6.04
1.74
1.64
1.12
0.14
9.77
4.78
7.61
3.86
6.76
4.59
2.32
7.59
0.14
2.8
3.87
7.79
5.26
4.77
8.02
1.84
9.76
7.98
6.6
5.27
6.95
0.37
3.38
9.08
9.86
2.3
7.58
1.58
6.56
6.89
0.84
2.0
2.76
6.89
5.08
5.94
5.35
5.73
0.47
0.62
2.61
3.31
4.2
9.55
7.68
0.83
7.01
8.43
7.01
6.76
9.73
9.72
2.51
9.42
4.13
8.15
6.39
6.6
4.25
4.44
1.89
5.74
3.21
2.55
8.48
4.71
4.62
6.76
5.27
7.86
0.15
3.53
7.06
3.33
2.23
8.71
5.44
1.69
3.33
6.39
7.41
0.12
6.06
9.81
1.69
9.13
0.6
3.34
8.05
2.66
6.7
4.51
2.21
1.79
2.86
4.41
2.71
2.88
4.36
3.93
10.0
7.57
9.48
7.23
4.53
4.3
5.93
7.44
8.88
5.29
5.53
7.79
5.58
8.83
7.51
6.86
1.95
5.31
9.43
1.38
5.94
7.04
5.07
7.81
2.88
9.24
0.11
9.0
8.87
0.58
7.96
4.9
4.87
8.15
9.24
9.55
7.77
6.71
9.32
9.22
7.44
9.22
0.77
5.87
7.11
2.76
9.95
5.37
6.44
1.92
3.56
4.94
2.44
9.47
7.68
6.93
2.87
1.14
4.14
2.89
9.5
9.68
1.33
1.77
4.94
2.72
7.99
7.29
5.64
5.88
1.85
5.66
1.23
6.28
4.72
5.39
7.36
7.89
7.35
6.7
1.64
7.06
8.61
2.08
0.54
2.55
3.46
2.77
7.15
4.59
5.71
9.7
3.12
0.44
4.89
7.43
8.25
6.07
5.48
4.27
2.54
9.66
6.82
1.94
3.36
1.57
1.86
2.65
5.77
3.21
8.28
9.94
2.79
6.16
6.54
8.57
0.25
3.62
9.5
9.08
1.55
0.29
3.37
8.74
6.21
0.57
6.39
5.71
6.31
4.62
2.42
6.8
5.85
4.64
2.66
6.37
9.36
4.42
8.25
5.87
0.12
1.05
4.35
8.75
5.9
0.57
8.31
6.44
8.4
6.44
1.51
9.27
6.42
2.51
2.16
0.69
9.81
8.0
6.33
4.9
1.13
3.05
2.59
1.17
9.64
1.81
1.48
7.98
0.16
8.14
3.21
4.25
2.15
4.02
4.25
6.03
2.66
2.01
2.53
9.88
7.07
1.53
5.13
9.19
3.01
2.41
3.02
5.6
1.92
9.45
8.94
7.52
5.57
5.49
6.37
8.09
8.42
6.65
8.55
6.55
8.93
3.0
2.39
8.81
0.21
6.55
9.5
7.67
7.8
2.13
0.74
4.24
5.39
8.71
6.7
5.4
4.81
9.35
8.93
1.35
2.34
9.76
0.14
8.71
4.59
9.22
9.66
6.11
2.25
1.88
7.09
6.75
0.48
9.34
7.18
9.62
5.96
1.88
3.64
1.98
3.62
7.02
8.93
1.72
2.91
0.51
6.69
9.68
2.39
7.88
1.46
7.05
9.09
7.63
6.9
6.88
4.34
1.41
8.35
3.95
5.64
2.18
5.03
5.29
8.89
4.27
8.29
2.33
9.75
3.12
6.18
1.45
3.42
0.72
6.01
8.03
0.49
1.81
3.26
9.9
7.1
2.2
2.28
9.65
8.29
8.2
0.22
3.87
4.84
4.76
4.9
9.29
6.08
9.81
6.45
6.97
7.42
2.92
2.35
4.37
4.29
5.77
9.22
5.87
0.17
9.02
9.01
1.62
8.4
6.27
1.63
8.17
5.62
9.23
8.22
0.9
9.05
6.47
6.87
0.67
9.78
3.69
1.87
8.36
7.74
8.55
4.48
5.82
8.04
5.9
9.89
0.44
2.21
1.25
4.26
7.29
5.87
4.44
6.84
5.8
5.5
2.79
2.24
3.64
3.83
5.02
3.93
3.13
1.13
2.93
7.41
3.5
2.43
4.58
0.35
9.3
7.58
5.17
6.85
0.18
1.03
9.98
5.67
2.98
7.34
9.89
4.5
7.89
8.95
4.74
4.84
2.77
3.96
8.69
7.35
7.67
3.71
7.43
3.48
8.52
2.38
2.26
2.66
7.15
6.02
2.22
6.48
6.05
9.11
1.08
6.98
0.35
4.36
2.27
9.4
6.0
7.13
6.75
9.27
0.8
9.27
7.66
2.31
3.76
9.8
3.78
0.2
0.4
2.74
4.05
4.98
5.84
8.95
5.17
1.23
2.42
0.64
9.98
2.04
1.37
8.32
5.99
0.87
1.86
5.74
5.84
5.07
4.0
0.39
5.28
0.05
7.83
3.1
3.3
1.82
2.6
2.45
9.42
4.95
1.28
4.08
4.84
7.16
2.51
3.14
2.54
6.9
4.48
4.9
2.34
1.19
3.69
7.74
3.12
7.36
8.78
9.06
3.07
0.51
2.0
2.67
7.67
4.36
1.83
7.65
2.7
3.61
3.98
2.71
5.62
8.51
9.27
0.29
9.93
1.14
8.57
6.49
1.96
8.72
4.71
6.87
6.34
9.36
9.21
4.83
3.66
2.26
6.02
7.37
3.69
6.19
1.04
3.64
7.15
1.21
4.04
1.93
8.01
5.68
5.82
9.3
4.65
2.63
1.31
3.11
4.48
3.29
7.62
2.95
4.27
2.13
2.66
3.96
9.72
8.26
4.66
6.4
1.61
3.65
8.26
8.75
8.29
6.0
5.54
4.36
6.48
2.8
1.41
5.5
8.89
3.58
1.05
7.98
1.51
2.44
8.33
3.01
3.2
6.89
4.3
9.81
3.7
0.14
5.74
7.74
6.22
9.02
5.66
3.44
2.94
1.66
8.47
3.33
1.6
1.45
4.22
0.13
4.58
4.33
0.28
2.52
6.63
8.17
5.46
5.14
8.5
2.67
8.93
9.32
2.52
1.75
2.72
2.03
1.9
0.71
0.92
9.85
4.71
5.57
5.15
3.93
2.62
1.27
8.05
7.32
9.84
1.54
0.18
6.62
5.24
9.93
2.12
3.17
8.18
5.97
6.79
0.47
0.95
3.0
9.59
7.78
3.07
7.73
2.02
9.58
1.05
6.93
9.62
5.72
3.3
6.04
2.39
5.54
8.41
7.81
4.46
5.14
1.55
7.74
9.55
7.47
3.07
5.61
2.78
6.82
6.93
9.07
4.09
8.75
1.02
2.51
7.47
1.4
5.73
7.79
1.68
7.65
0.62
3.24
4.85
9.83
2.35
5.31
3.03
5.91
2.09
3.47
6.32
7.56
0.3
7.79
9.13
9.75
0.77
2.66
1.93
6.04
2.83
0.81
4.52
3.75
3.15
7.13
8.35
5.44
1.89
2.34
9.05
0.04
9.5
6.65
6.26
4.85
2.04
8.68
6.2
3.55
8.03
5.75
8.13
3.06
2.02
5.56
1.02
0.58
8.65
9.38
4.51
0.19
6.31
2.76
4.86
3.29
0.66
8.36
8.6
4.56
1.82
0.31
0.43
0.0
7.23
5.43
1.12
2.17
1.62
8.28
9.17
6.87
0.86
9.06
8.05
2.12
4.55
4.82
4.1
6.4
3.22
4.47
5.55
3.5
5.02
6.25
8.53
0.67
3.55
2.85
6.16
5.93
7.24
7.67
9.9
9.59
3.35
7.75
9.51
1.33
5.19
7.54
8.75
9.78
3.37
6.47
9.08
8.71
5.77
9.88
9.23
3.23
9.9
3.11
2.58
0.59
6.0
1.01
9.95
1.28
0.71
7.05
1.21
8.38
3.37
1.44
7.7
5.01
0.84
6.04
9.25
9.93
6.38
8.83
1.15
1.01
0.52
0.65
8.78
4.72
4.28
3.95
9.86
8.67
7.44
3.9
5.85
3.89
2.85
1.14
1.67
1.02
8.0
0.18
0.21
5.73
7.42
7.12
6.31
8.72
5.17
2.77
9.02
6.29
3.66
7.74
4.04
9.24
8.08
2.68
4.91
9.7
0.93
6.93
4.05
6.69
6.14
8.69
8.97
4.21
2.53
3.29
6.25
3.84
4.72
4.19
2.39
4.11
4.72
9.63
3.85
0.98
8.2
5.57
5.5
9.49
7.52
6.86
3.2
3.74
1.55
7.99
3.27
3.06
2.85
1.94
6.62
3.6
9.74
4.77
1.04
5.55
4.79
9.9
9.15
7.0
9.42
2.01
4.77
6.6
0.68
4.8
3.04
7.28
4.58
2.34
8.01
1.25
2.59
1.5
4.51
7.22
0.04
6.35
4.97
2.32
2.49
7.07
0.4
0.59
1.08
8.88
2.76
5.53
3.6
0.1
5.54
7.03
1.6
3.47
2.02
7.57
9.02
0.31
0.38
4.99
5.67
7.49
2.51
7.88
6.71
7.71
4.0
7.94
6.53
1.07
3.49
3.6
8.72
7.78
7.82
1.37
3.86
8.04
9.06
9.1
2.52
0.99
6.2
0.11
9.55
1.79
5.02
0.42
1.16
0.81
3.28
0.22
8.17
7.46
2.68
5.95
7.84
8.76
0.59
4.14
2.19
3.19
4.55
3.72
6.92
0.14
2.11
6.07
6.74
1.67
9.21
1.38
1.7
0.3
0.36
6.49
7.63
2.7
7.41
6.26
7.29
1.36
1.61
8.87
0.57
8.69
8.67
9.84
4.05
0.99
7.06
6.9
7.29
8.81
3.33
6.44
1.0
8.98
7.94
6.39
0.15
8.56
4.04
5.34
9.16
4.2
3.02
2.04
4.24
1.01
3.39
0.28
0.82
4.66
0.93
9.22
6.0
5.38
7.98
1.12
7.2
1.91
2.91
3.61
2.42
5.96
4.01
7.9
5.52
5.36
9.39
1.94
9.23
2.27
0.3
4.09
2.35
9.85
7.81
8.77
7.75
0.15
0.37
2.45
4.51
4.13
7.34
0.14
6.96
8.88
3.43
5.93
7.92
7.79
4.72
7.21
2.71
2.04
7.23
0.34
9.91
2.74
5.12
3.28
8.73
3.85
2.83
8.63
5.4
2.98
8.93
0.1
8.33
1.04
5.79
4.32
2.68
9.41
2.18
0.93
3.72
8.55
9.27
4.0
2.62
0.18
0.49
7.44
4.74
4.5
2.39
1.45
4.49
8.08
1.27
0.8
7.77
3.71
4.87
5.05
8.27
1.04
5.63
8.43
6.8
8.09
1.24
2.93
0.71
2.0
7.11
4.42
1.16
6.85
0.7
4.97
1.58
7.7
5.61
0.91
8.89
0.74
2.76
0.21
8.94
5.59
2.9
0.4
2.93
0.01
4.4
3.2
7.34
7.11
1.94
7.67
8.35
5.59
5.72
3.95
5.05
4.34
6.75
8.81
2.01
8.28
1.34
7.38
6.73
6.94
8.27
4.83
6.63
1.98
5.6
3.6
4.91
6.71
6.19
4.65
6.0
2.27
3.99
1.36
4.15
1.72
5.48
2.52
9.11
7.06
3.87
3.79
5.83
1.44
6.77
4.29
9.04
7.63
3.08
6.82
9.49
2.2
9.9
3.87
2.08
2.63
9.66
4.45
8.84
3.56
7.26
0.15
6.34
2.32
3.0
4.55
8.49
8.74
2.66
0.43
8.73
1.0
1.89
8.36
9.74
4.8
8.59
8.57
2.59
9.41
2.77
3.24
7.55
6.47
0.2
4.58
0.4
0.37
8.09
8.22
9.34
4.19
0.46
1.05
1.32
7.94
5.37
5.25
0.69
9.8
5.16
7.75
7.53
0.81
7.05
4.83
4.04
1.19
1.66
7.0
6.08
0.75
5.5
3.72
5.89
7.53
4.2
2.43
0.32
9.08
9.06
4.93
3.54
8.89
7.93
1.81
5.45
6.33
0.8
6.85
4.49
3.48
2.06
7.55
7.86
4.06
7.24
6.41
6.05
9.58
6.09
2.46
8.6
6.44
0.98
8.74
4.09
1.52
1.86
7.87
3.24
1.8
7.43
4.16
9.59
6.94
4.73
8.78
5.24
5.93
5.88
0.46
0.84
4.78
7.56
4.8
5.63
7.11
7.42
9.68
4.4
7.42
4.06
9.64
9.28
1.72
9.71
9.86
8.33
8.84
6.69
6.52
9.6
3.33
7.13
8.26
1.66
0.67
1.77
7.0
1.62
2.6
8.06
3.77
4.91
9.37
2.61
6.14
4.05
0.18
3.65
7.68
4.7
1.01
0.2
4.14
1.32
0.91
3.23
1.29
5.44
1.25
4.16
0.41
8.62
6.15
8.74
4.2
5.5
0.52
3.25
3.32
9.46
9.9
7.35
6.52
6.57
1.89
9.68
0.09
0.01
4.1
2.41
2.46
9.55
2.87
6.53
4.73
2.47
1.48
1.41
7.83
5.21
7.62
5.09
4.38
3.8
4.54
9.26
5.9
9.82
4.35
6.2
8.18
6.51
0.42
1.15
5.84
8.45
0.39
2.82
9.79
8.72
3.74
8.26
6.26
8.24
5.99
4.4
6.25
0.0
6.23
1.08
9.75
2.16
9.86
6.84
1.81
6.78
2.5
3.65
1.77
8.87
9.98
1.38
4.43
8.73
9.66
4.43
6.07
8.11
8.06
8.46
0.41
8.13
8.62
9.5
5.32
1.9
4.41
6.99
2.69
8.52
8.16
0.41
0.6
3.7
5.39
5.37
1.1
4.93
0.78
1.42
0.06
2.42
8.15
8.53
8.6
9.86
9.49
1.51
3.1
1.88
1.26
5.61
6.01
0.39
7.1
3.9
1.23
8.53
1.34
5.08
2.72
3.48
8.98
1.78
5.95
8.01
9.25
7.11
1.53
4.29
1.55
4.08
9.49
4.57
2.81
1.09
5.51
6.31
5.11
4.15
2.63
1.52
3.17
0.23
8.12
0.75
5.63
6.39
1.84
7.2
5.7
7.22
1.3
7.97
6.5
1.04
4.53
7.59
6.33
1.8
2.47
2.19
4.58
9.41
9.55
5.96
3.23
1.62
7.39
4.96
5.6
8.05
7.52
6.21
3.64
3.1
2.41
9.49
8.12
5.25
3.52
6.05
4.96
1.66
8.35
6.83
0.45
0.18
7.56
3.48
8.08
7.92
6.94
9.13
4.52
3.45
0.22
2.63
6.94
3.65
6.53
4.04
7.57
6.07
9.35
9.89
5.32
4.72
1.25
5.73
3.09
3.69
4.54
9.56
5.58
3.3
0.76
2.94
5.49
6.65
3.27
3.44
2.66
9.14
0.46
3.47
9.97
9.38
2.8
0.57
8.4
6.41
7.7
1.14
3.55
4.83
1.77
6.69
9.66
9.38
3.72
6.58
1.02
9.98
5.47
3.28
3.63
7.27
0.81
4.63
9.14
3.78
2.08
1.04
3.25
1.73
1.09
0.45
1.61
9.43
3.91
9.18
9.77
8.6
8.27
0.41
7.16
1.31
5.9
7.66
5.86
3.17
4.54
4.92
4.05
7.9
0.83
9.79
8.35
2.49
0.95
8.68
7.75
1.9
7.43
0.5
9.81
7.53
4.25
8.69
4.41
2.6
6.72
9.93
2.31
7.91
2.31
6.94
7.39
3.93
6.34
5.85
5.94
8.31
0.89
3.85
3.36
5.35
2.29
6.28
9.82
8.88
5.43
9.95
9.44
2.35
0.69
9.55
6.32
9.02
8.06
3.19
4.23
5.53
1.87
9.28
6.53
8.92
4.88
4.11
7.82
4.11
4.78
1.85
6.87
0.93
3.81
2.0
4.33
2.9
3.76
9.07
9.15
0.07
3.03
0.61
3.58
5.07
3.14
1.63
6.03
1.34
7.52
7.05
9.69
0.61
2.56
0.31
6.14
3.69
4.83
1.02
9.04
1.87
6.09
2.92
8.37
1.75
1.6
5.98
9.87
5.44
7.31
4.19
7.0
9.12
2.54
7.88
3.55
5.08
8.89
7.53
2.42
6.67
7.01
1.98
7.72
6.58
7.35
3.17
4.17
9.95
2.81
3.2
6.2
2.21
0.35
7.06
0.8
5.81
6.64
6.76
0.68
6.69
9.54
4.04
4.45
6.76
6.21
1.61
8.4
2.63
9.37
7.81
9.64
2.35
8.94
1.07
7.29
3.22
5.96
1.4
3.75
0.87
5.38
9.83
5.02
8.93
3.9
7.99
5.46
2.32
1.96
0.3
6.54
0.34
5.83
1.88
2.18
2.87
7.07
9.38
1.85
4.0
7.92
6.9
2.17
4.73
8.14
0.84
9.99
5.42
7.46
2.15
2.82
3.63
5.19
6.8
8.42
6.9
4.01
8.11
9.18
4.59
8.07
7.89
1.01
0.97
0.29
1.28
4.0
2.82
2.34
7.25
3.05
8.98
6.5
7.2
6.24
0.65
6.07
3.47
0.77
2.2
3.02
8.42
7.71
0.02
3.2
2.68
3.96
9.17
2.25
9.11
0.83
4.92
9.06
0.23
8.43
9.9
3.1
2.0
4.67
7.96
4.69
2.79
2.71
7.34
2.16
7.08
1.84
7.95
2.82
2.01
5.2
3.66
8.36
9.81
8.66
3.38
2.02
5.43
3.71
3.21
7.27
8.52
7.67
1.5
3.14
8.93
2.67
6.45
2.67
9.7
1.39
0.34
9.54
2.06
2.94
6.0
4.37
9.53
6.56
1.84
1.12
5.53
3.88
2.44
5.85
0.92
6.78
1.12
2.73
2.15
9.7
1.68
1.48
5.32
8.51
5.76
0.14
9.84
6.71
1.51
4.8
6.42
3.75
8.58
0.92
7.6
3.85
1.47
2.58
1.49
1.52
1.83
5.04
4.98
3.4
7.09
1.67
2.1
1.69
4.22
1.03
6.72
5.39
5.06
2.39
0.6
0.83
7.78
3.17
4.75
7.38
2.4
9.05
2.52
8.29
6.95
9.48
8.05
7.34
5.92
4.16
4.98
5.65
1.85
4.67
3.74
8.54
1.4
8.61
0.88
1.22
8.89
7.82
1.12
2.65
1.75
3.48
1.53
9.29
1.27
4.98
9.7
7.23
2.24
9.49
0.99
2.68
8.46
9.03
7.09
5.38
3.29
4.95
9.94
5.87
7.88
7.56
9.69
1.29
1.42
6.2
1.56
3.25
1.42
7.94
5.6
7.3
3.31
4.84
2.37
1.31
0.96
0.72
3.77
5.21
9.77
9.29
6.4
9.79
1.98
0.91
1.27
1.34
1.18
9.21
2.8
3.34
7.27
5.39
0.55
2.56
3.65
2.02
1.59
3.54
9.0
6.05
4.25
0.28
7.6
5.4
4.28
9.29
2.59
7.74
1.67
5.24
3.4
1.04
4.81
10.0
8.5
1.35
2.88
0.79
2.7
6.71
3.54
6.33
2.21
2.29
5.28
3.18
6.47
0.54
3.12
5.46
3.57
5.2
7.09
0.28
0.54
0.12
7.72
4.46
2.58
2.25
2.08
1.35
8.72
1.96
9.44
4.18
8.34
4.55
0.54
3.18
2.48
8.48
3.16
6.35
3.51
6.35
9.65
0.97
8.1
2.24
3.6
5.93
4.14
9.5
4.08
5.63
2.85
1.37
4.78
8.56
0.95
6.76
9.72
8.95
2.17
0.74
1.57
4.4
3.05
3.67
3.55
2.99
0.62
5.42
8.14
5.89
1.25
5.46
5.56
8.39
9.24
3.49
4.85
6.24
9.41
1.35
3.43
4.13
1.17
5.17
7.16
1.02
9.08
4.87
8.72
9.59
0.61
9.67
3.13
1.02
5.47
2.53
1.51
3.55
0.93
6.63
5.36
0.55
9.69
3.44
0.42
0.69
0.2
1.23
2.43
3.11
0.73
9.51
5.85
1.47
3.54
4.1
7.14
2.66
4.15
4.86
3.73
5.51
1.01
0.94
4.4
3.9
7.11
8.55
2.39
3.93
7.38
3.98
3.18
0.24
7.02
0.44
3.82
6.11
2.36
5.41
0.59
3.47
5.1
9.47
9.8
6.86
7.77
5.29
1.21
6.35
4.51
8.91
8.95
6.79
5.41
5.88
4.44
1.51
9.84
4.49
5.41
0.34
8.79
8.6
9.74
8.65
7.66
2.06
6.61
2.71
5.03
4.32
5.29
2.92
0.86
3.7
1.34
4.31
2.35
7.16
7.04
2.06
6.55
2.24
8.74
5.36
9.81
3.28
7.53
5.58
8.03
1.89
9.36
1.34
0.53
3.65
7.94
1.32
7.1
4.48
0.85
0.06
1.28
4.58
7.02
7.9
2.33
6.35
1.11
2.99
2.67
8.56
9.72
5.67
0.28
4.59
10.0
7.4
3.89
4.64
7.53
0.39
4.79
2.81
4.83
6.03
2.1
0.46
9.84
8.73
8.44
0.94
9.07
1.54
9.4
0.96
2.74
6.47
3.48
5.08
8.77
1.87
2.27
1.29
7.94
5.2
1.07
6.68
6.38
3.04
8.81
2.57
6.29
4.66
0.02
3.47
7.7
3.56
2.03
8.23
8.35
1.51
7.96
0.87
3.0
2.55
1.19
4.49
4.01
8.24
8.27
7.3
1.53
5.42
3.57
1.11
7.77
5.08
9.59
5.34
5.77
4.8
1.14
2.12
2.32
8.75
1.75
9.33
6.5
4.88
5.26
5.44
3.1
3.76
5.08
1.12
4.46
7.94
8.09
9.08
7.64
1.85
8.88
7.66
3.7
9.27
9.67
8.32
8.29
6.02
8.81
9.92
5.2
5.77
2.78
5.57
9.37
7.82
6.41
9.29
2.51
3.05
9.95
1.86
0.54
5.48
7.22
6.49
2.23
0.83
9.92
5.0
7.56
9.83
8.46
5.43
2.22
6.0
3.95
6.07
6.59
7.27
1.29
7.14
3.6
7.36
9.14
5.19
7.77
4.13
5.03
2.4
6.42
2.14
0.38
5.75
1.24
1.65
9.23
4.53
3.68
4.77
5.69
5.59
9.27
1.93
8.6
7.76
4.09
5.62
8.0
9.4
8.38
3.39
3.42
5.03
2.78
0.41
9.66
6.24
9.46
9.08
5.98
6.98
9.01
3.38
4.37
3.97
4.54
0.17
3.25
6.66
6.86
8.44
9.9
1.02
0.89
9.54
3.28
9.04
3.95
1.4
2.43
9.78
2.61
6.94
8.05
6.31
0.1
7.6
7.1
1.48
7.52
7.9
9.24
9.41
3.67
0.63
4.78
1.45
0.51
4.49
4.15
3.18
8.87
2.6
9.22
8.92
2.68
5.08
3.41
0.94
1.29
1.82
9.78
1.98
0.87
7.9
6.1
5.08
0.22
2.91
8.39
0.79
9.82
3.55
0.4
8.74
5.89
5.19
8.19
2.19
0.08
0.52
3.57
5.66
9.0
2.49
8.62
9.67
0.76
9.29
2.01
7.28
6.68
1.92
0.74
8.91
4.02
4.33
4.97
0.7
5.2
3.25
8.89
2.77
5.24
3.61
3.82
5.42
3.12
2.41
0.4
5.12
1.76
6.67
0.6
4.99
2.5
2.27
3.77
8.11
6.32
4.77
3.81
3.54
4.48
1.91
3.32
1.57
7.01
5.02
1.56
3.26
6.77
0.74
7.16
1.82
8.88
4.06
3.73
3.7
4.33
2.63
6.53
9.78
7.9
7.52
0.62
3.5
9.98
4.93
9.86
2.25
1.28
3.94
7.86
2.86
3.27
1.75
5.29
7.18
3.92
0.81
1.94
1.94
8.48
1.46
8.92
5.77
1.58
3.5
3.69
5.45
0.03
1.71
1.78
0.31
6.71
8.08
7.52
9.55
8.73
6.87
5.4
2.08
8.26
8.85
1.6
6.73
5.45
1.34
4.05
1.8
7.44
6.81
7.71
9.83
4.64
5.96
4.68
9.72
1.66
6.5
0.87
6.09
0.89
6.93
8.93
4.46
2.97
5.39
4.87
0.82
4.58
3.65
8.96
8.07
9.04
9.47
2.66
9.58
8.33
0.47
7.6
6.87
7.94
2.74
3.56
6.45
0.33
6.45
6.42
3.98
9.74
2.99
0.14
6.19
8.65
0.44
4.39
8.75
0.39
8.58
7.16
3.85
3.91
5.29
3.0
2.17
9.7
5.11
7.48
8.83
1.41
8.3
3.34
3.7
0.55
0.44
5.47
8.78
0.74
3.99
7.17
6.79
2.6
3.66
2.79
6.61
1.02
4.05
0.7
0.41
7.57
4.51
3.73
4.14
8.4
1.58
6.76
9.35
6.13
4.39
3.0
7.48
2.86
6.15
2.62
8.0
8.39
2.12
2.83
4.41
5.62
9.2
2.35
7.83
4.51
9.2
0.35
1.86
5.32
0.4
0.73
4.43
1.12
2.02
5.91
6.8
0.95
9.54
2.59
1.15
7.98
7.53
3.25
1.66
6.37
6.69
9.59
5.69
8.82
4.37
5.2
3.86
0.98
6.21
8.92
2.3
0.55
9.25
7.26
3.23
1.84
9.61
0.23
6.04
7.93
2.06
8.19
0.98
9.7
7.9
5.03
1.08
4.03
1.36
9.75
2.97
8.32
1.07
0.35
9.8
0.27
5.42
0.37
5.73
0.17
7.46
7.43
7.02
1.98
6.78
2.88
3.08
1.09
9.39
2.89
6.71
5.68
4.48
2.1
7.93
1.36
6.42
7.98
2.19
9.0
8.44
2.15
5.48
6.47
4.76
2.32
7.69
1.25
5.42
6.12
0.39
8.53
5.1
8.5
9.94
2.76
4.57
7.45
1.74
9.45
2.31
9.96
0.62
1.86
2.58
6.6
7.25
2.0
7.4
8.92
6.07
5.05
3.48
6.56
3.74
8.37
9.83
6.13
5.17
5.93
0.89
1.48
8.31
5.86
3.35
4.3
5.87
5.64
9.56
2.6
2.33
6.65
7.14
8.67
5.69
8.48
5.49
4.18
6.29
2.84
4.92
3.23
3.83
1.13
1.13
4.18
2.37
7.82
3.28
8.82
9.22
3.3
1.39
3.26
4.62
3.69
8.71
6.45
8.04
5.79
0.85
0.79
5.11
9.89
6.46
0.54
4.66
9.46
9.26
8.52
5.09
7.08
9.66
7.77
5.5
4.69
1.44
7.48
3.46
4.14
6.77
7.05
10.0
9.08
8.04
9.32
8.95
2.63
0.93
3.56
9.5
9.72
1.96
2.59
8.21
3.97
4.87
0.49
2.36
5.72
9.18
3.41
5.66
5.97
5.53
8.18
1.45
5.93
9.13
5.59
6.33
9.31
3.08
2.73
0.45
1.97
0.59
6.95
2.88
5.72
6.88
1.33
8.55
6.7
6.93
2.68
7.12
4.28
7.23
8.94
8.06
6.58
1.74
2.56
7.79
3.82
9.12
1.77
0.93
8.52
6.0
0.91
9.15
2.8
6.68
0.09
6.89
2.87
6.26
8.75
9.54
6.9
6.86
7.25
2.65
8.78
1.42
2.0
1.06
5.06
6.47
9.69
7.81
6.78
5.94
1.63
7.16
9.98
5.3
1.83
8.46
9.2
9.31
0.24
1.79
1.97
3.3
3.26
3.13
5.61
1.78
9.2
9.19
9.42
3.58
2.1
6.92
1.57
8.3
6.37
6.98
2.35
3.75
1.7
3.14
0.37
0.39
3.13
9.19
2.41
8.38
1.23
4.21
7.94
6.35
3.8
3.71
0.0
2.38
9.41
7.62
1.98
5.84
8.86
5.84
8.81
7.78
9.4
3.55
1.45
9.9
8.31
0.73
7.09
1.99
9.99
9.36
2.74
0.95
6.11
8.26
4.08
5.17
8.95
9.0
5.12
6.12
1.36
4.26
1.14
3.17
1.71
1.23
2.94
6.89
7.47
4.63
5.83
1.06
1.77
9.73
6.46
8.97
3.13
0.92
2.12
0.07
4.68
6.46
2.05
8.81
7.57
6.85
2.32
5.12
5.78
7.69
4.06
9.43
7.27
8.89
9.89
2.25
4.15
2.03
5.47
3.4
5.27
3.95
4.17
4.26
9.58
8.66
4.41
2.65
2.94
7.93
4.28
7.92
1.59
4.03
6.37
3.92
6.0
9.52
4.03
1.38
8.03
1.06
1.63
1.63
0.1
2.73
2.62
6.69
0.93
4.94
8.71
4.39
0.75
7.57
7.83
9.66
3.81
6.96
5.25
1.46
2.46
3.12
1.43
8.26
2.05
0.46
9.91
7.75
0.68
9.22
4.16
5.88
3.43
8.16
2.6
8.95
0.95
7.19
9.74
3.94
5.03
4.86
9.33
8.66
9.4
8.48
1.35
5.47
1.14
2.09
6.64
6.09
4.6
0.56
0.11
5.81
5.75
5.77
8.65
5.04
3.93
0.46
2.52
0.52
1.95
2.2
6.91
2.74
6.15
8.2
7.89
0.02
9.54
1.52
3.14
0.88
1.35
8.05
2.46
4.26
0.38
0.21
0.29
0.32
0.48
7.78
1.02
4.26
1.78
6.28
1.51
9.99
7.73
4.51
2.83
7.8
2.92
8.27
9.92
9.73
2.0
6.43
7.76
9.47
5.69
4.17
4.56
2.97
9.18
6.8
0.07
3.37
4.11
7.51
4.05
0.18
3.24
4.36
2.92
3.61
3.57
6.45
6.63
9.66
7.09
5.82
3.02
5.56
8.11
5.14
3.49
7.97
7.8
9.71
4.5
4.58
4.14
4.97
4.99
1.65
9.44
9.48
7.29
0.62
2.94
6.07
8.91
4.04
7.65
8.85
0.83
8.49
3.17
8.14
2.15
6.15
8.97
2.38
4.51
2.5
1.82
3.62
5.83
4.91
2.8
0.67
0.46
3.2
5.67
5.72
7.08
4.0
9.47
0.54
1.64
2.75
3.45
5.06
3.86
3.54
5.91
9.56
7.36
2.23
6.16
0.41
7.74
9.23
9.55
2.78
8.13
4.72
5.2
1.91
8.24
6.47
3.54
4.41
3.36
3.83
3.98
5.68
8.1
8.3
1.55
8.1
5.25
7.0
3.07
6.88
7.65
9.34
7.64
6.24
8.13
6.8
1.56
2.99
3.75
4.3
4.56
8.71
3.81
1.66
6.48
4.1
4.52
7.89
3.29
7.73
2.01
4.38
5.72
4.8
4.36
9.13
7.65
8.87
2.3
4.85
0.18
8.74
6.77
2.85
5.65
4.55
3.51
8.11
5.39
7.14
1.45
8.57
4.63
8.83
5.58
8.63
9.52
5.22
7.86
5.54
3.54
1.98
1.84
6.5
0.18
8.93
4.56
2.93
2.22
6.34
9.5
4.57
6.46
2.94
6.77
0.78
2.84
5.0
5.92
1.77
2.64
2.25
0.75
9.94
1.49
5.98
4.12
8.88
9.57
4.39
8.77
0.42
4.51
0.46
4.13
6.72
3.4
2.64
8.35
3.42
1.29
3.03
4.4
9.23
3.06
1.26
2.49
2.63
3.62
1.68
5.05
4.08
0.46
4.87
7.35
0.13
2.74
3.16
3.65
2.57
1.47
6.37
8.5
0.55
5.19
0.72
1.24
2.67
8.5
7.42
9.06
1.74
5.36
0.99
8.79
3.87
3.54
2.6
6.32
6.43
1.5
0.83
6.62
9.37
2.66
2.8
8.91
2.0
4.23
5.81
3.94
1.9
5.28
7.11
7.68
4.7
1.36
5.1
3.34
0.73
8.88
0.47
0.5
4.0
1.04
4.79
5.65
8.51
5.07
5.84
0.2
8.41
2.95
9.36
3.75
0.02
7.77
3.17
6.16
1.84
2.34
5.4
9.0
5.85
0.86
1.69
2.23
7.86
5.29
1.68
6.58
0.3
6.89
2.63
3.32
1.59
2.99
4.47
2.23
5.81
8.89
6.41
9.18
8.96
3.27
0.94
1.56
2.48
1.26
9.65
1.24
4.02
1.95
0.48
3.13
2.04
0.06
0.1
4.34
7.59
9.31
8.58
4.94
9.17
2.41
7.48
2.95
3.01
5.55
9.52
3.75
0.21
7.79
0.3
9.43
9.16
2.49
2.38
7.3
5.17
4.86
5.21
2.89
3.71
0.66
5.44
6.81
5.98
9.97
4.99
4.95
6.61
9.31
4.31
7.63
8.98
5.86
1.22
0.35
6.58
1.73
1.89
2.54
2.75
2.04
7.14
7.69
0.04
4.76
9.78
5.66
0.77
8.56
1.19
3.45
9.63
9.16
8.95
8.05
2.49
5.08
5.33
1.87
6.01
5.18
2.84
5.05
1.81
0.72
1.57
8.76
4.83
9.58
8.7
5.05
7.15
8.06
4.01
8.95
4.7
7.77
8.68
5.66
3.75
6.34
6.93
1.36
9.41
2.14
6.58
4.05
0.31
3.68
3.27
2.85
9.33
9.47
0.73
9.92
8.51
3.38
5.41
1.57
6.76
0.49
3.78
3.83
7.37
5.99
3.13
9.8
0.25
5.68
0.05
7.41
6.86
8.02
2.15
6.8
7.58
5.59
6.97
3.51
4.93
9.16
3.87
4.62
5.8
3.12
6.28
4.77
6.61
2.56
3.97
8.65
1.15
0.59
3.42
2.85
6.33
4.14
4.66
7.0
4.02
5.93
2.67
2.81
7.98
1.33
9.44
3.35
3.61
1.58
5.98
2.99
0.1
5.67
1.65
3.85
8.64
0.99
0.93
6.14
5.7
0.4
0.75
7.14
4.78
7.99
0.09
9.72
9.1
1.75
2.63
3.4
1.69
5.24
3.09
7.38
9.82
5.51
5.84
7.97
7.21
9.88
3.22
2.59
6.29
0.52
6.25
1.96
2.56
9.32
4.5
7.6
1.27
6.92
9.01
2.46
1.9
5.46
4.33
6.48
9.07
0.79
7.1
5.4
7.59
7.0
9.29
7.98
7.5
9.21
6.42
6.05
5.92
4.94
6.47
0.72
5.01
9.01
7.56
8.98
0.5
7.98
8.25
4.51
7.62
7.9
4.48
6.31
5.1
0.58
1.48
3.98
5.32
0.49
5.52
7.13
1.94
3.02
9.25
5.63
4.98
3.65
0.94
6.84
6.32
5.18
6.59
5.76
8.69
2.09
8.22
1.36
8.14
2.58
9.17
4.68
8.54
3.57
1.58
3.04
8.91
5.78
7.74
0.24
1.9
0.49
0.71
6.07
3.04
2.62
3.63
6.48
7.74
2.18
4.94
4.61
1.83
0.13
5.62
2.6
5.49
2.23
8.1
2.67
7.23
4.36
5.99
4.55
9.96
6.93
4.33
6.33
0.37
2.9
2.64
5.92
9.55
2.83
2.07
3.33
4.51
0.36
8.7
2.85
7.58
8.1
8.3
3.17
1.88
7.64
1.36
2.8
0.79
6.71
8.13
1.34
4.06
8.74
7.86
3.3
6.71
2.39
9.7
2.99
2.4
8.01
1.97
3.0
3.02
9.56
7.62
5.88
9.43
4.51
7.3
4.09
1.08
1.66
7.42
2.26
3.39
3.62
8.59
6.91
9.36
9.69
8.28
9.48
8.84
8.75
7.7
6.35
7.98
6.27
8.87
4.14
9.5
7.8
9.07
5.08
3.1
3.19
6.01
4.13
3.61
8.53
3.95
3.5
1.19
2.56
8.46
3.02
2.1
6.62
1.63
5.97
7.76
8.03
4.89
2.83
7.61
9.6
9.72
2.37
5.53
5.02
1.05
5.08
5.69
9.54
5.7
5.62
3.22
4.33
5.02
9.87
8.23
2.92
3.76
1.3
4.74
3.08
1.0
5.59
8.18
7.33
1.82
3.97
4.49
2.06
7.54
7.66
8.71
9.7
6.05
3.94
1.99
9.79
8.35
1.8
1.02
1.95
1.63
1.06
7.62
8.55
7.47
6.92
3.01
2.54
6.78
3.97
7.74
1.8
2.14
5.72
4.06
5.23
6.17
9.33
4.24
5.03
4.83
9.36
4.92
3.25
8.15
5.74
5.04
9.76
7.11
2.91
7.92
9.41
3.02
0.52
7.5
3.84
8.01
7.99
2.84
4.91
9.88
1.8
0.56
9.31
8.15
3.21
7.8
9.19
0.79
1.29
4.16
1.79
5.74
3.57
6.34
7.11
6.61
2.42
9.01
0.22
3.73
8.72
4.17
6.56
5.34
6.03
4.57
3.36
6.56
6.66
6.35
9.01
4.7
1.36
1.06
8.53
1.79
9.46
3.25
2.52
4.97
0.57
9.2
7.45
3.17
9.67
4.09
3.05
7.79
4.43
2.62
6.51
3.65
3.69
5.78
5.45
4.3
9.4
4.02
7.79
5.61
7.85
2.99
5.98
6.95
3.35
6.71
1.04
3.03
1.01
1.26
9.51
3.03
7.84
4.24
5.54
4.33
3.44
2.06
7.67
9.49
9.12
3.92
1.44
1.17
4.71
0.73
6.67
7.79
2.3
9.32
9.82
3.25
9.71
1.88
4.25
0.19
6.5
2.62
0.84
9.51
5.49
3.55
8.92
5.23
0.22
3.17
5.04
2.49
8.51
4.12
6.92
1.7
5.42
3.2
4.73
8.62
6.56
5.91
5.8
1.32
9.93
8.68
3.79
8.46
6.44
5.27
0.61
0.01
3.9
7.51
8.97
0.22
9.14
2.93
3.35
9.71
5.82
4.96
2.39
0.72
5.84
7.46
6.14
6.91
0.31
7.1
3.71
3.58
6.64
9.05
7.04
5.19
7.08
5.84
1.89
3.72
6.96
3.38
7.93
6.42
9.47
1.22
5.93
9.65
6.89
3.84
1.49
0.95
0.57
5.96
4.64
6.23
7.12
6.08
6.79
5.12
6.39
3.93
7.59
5.2
4.31
5.95
1.26
5.52
2.24
9.82
0.16
7.82
0.28
7.88
3.6
8.29
2.6
9.96
1.11
0.07
3.26
8.75
4.14
6.48
5.9
3.66
4.76
1.02
6.64
0.99
7.75
8.2
8.69
8.15
9.05
6.24
5.61
9.06
9.92
1.95
7.94
8.59
6.55
0.03
7.98
4.23
4.12
2.65
1.61
4.02
8.8
8.31
2.02
9.74
3.56
7.63
2.01
7.94
3.3
0.86
7.0
8.97
3.6
7.35
0.02
2.0
6.6
2.63
0.11
0.76
5.23
6.86
1.09
4.85
7.42
9.32
7.9
0.65
9.45
2.33
3.83
6.82
3.99
7.62
4.0
5.46
8.9
3.25
1.06
3.77
9.03
9.84
4.14
7.04
8.69
9.25
0.19
1.11
5.87
8.66
0.62
0.56
2.92
2.49
3.01
6.27
0.57
5.98
0.39
7.86
4.97
6.27
1.4
4.88
0.59
5.42
6.43
2.57
3.46
8.11
2.12
9.94
5.44
5.09
8.04
9.71
3.44
5.76
9.65
0.91
8.22
8.81
7.71
7.31
6.47
9.3
6.7
1.0
0.37
8.59
2.12
2.71
4.47
5.93
1.93
2.28
8.25
5.12
8.68
6.54
8.64
5.54
7.42
5.94
9.35
9.91
5.68
6.03
6.64
2.0
6.66
8.75
9.43
5.94
3.16
6.23
2.79
3.9
0.34
1.98
7.52
0.61
0.15
6.34
3.44
7.37
4.38
3.0
6.77
9.85
5.0
9.64
8.11
1.42
4.4
2.65
1.89
0.17
3.39
9.64
8.53
9.73
1.38
3.01
4.49
8.45
4.75
2.22
0.71
2.34
8.58
5.09
3.66
4.62
6.53
0.33
1.29
2.33
8.02
2.47
2.09
0.4
8.03
4.03
9.02
1.46
0.62
4.35
7.68
1.72
8.15
6.2
2.83
6.17
8.39
1.99
6.74
1.05
3.7
3.93
8.18
4.3
9.65
7.04
0.55
3.13
0.78
4.38
1.06
0.59
9.2
9.78
9.72
8.56
8.35
8.85
3.99
0.91
2.5
5.03
5.62
0.75
8.43
7.32
3.55
5.97
9.1
3.94
2.71
7.23
3.89
1.5
9.09
6.06
5.01
6.7
2.46
1.54
4.23
8.22
9.09
5.44
6.43
2.51
1.82
0.62
1.36
0.9
0.35
8.89
4.29
1.33
9.22
9.4
5.05
4.94
4.03
4.77
3.43
3.89
2.31
7.23
6.88
3.84
8.44
6.38
3.27
9.63
9.46
2.98
1.62
1.02
2.7
4.01
1.17
9.66
3.8
6.25
2.06
0.83
3.8
4.63
0.25
2.65
9.52
5.12
2.74
3.12
1.18
2.56
2.49
2.27
7.02
0.27
3.6
2.07
0.7
1.37
2.72
3.1
1.72
0.1
3.08
5.6
1.72
3.19
6.2
7.78
0.2
6.35
7.68
3.83
3.37
9.15
2.07
3.77
4.9
2.04
8.9
7.1
7.0
0.75
7.83
0.53
8.02
2.76
8.14
1.72
3.24
7.49
2.06
1.48
3.47
8.83
4.62
7.29
4.15
9.34
3.22
1.82
0.79
2.73
4.59
5.37
6.24
1.22
3.69
8.23
5.85
0.29
7.19
6.24
1.3
8.59
1.42
2.46
9.42
6.6
8.09
8.24
4.82
3.61
8.21
0.71
7.93
8.72
2.33
8.57
9.62
5.69
2.91
7.65
4.01
2.18
1.79
1.52
9.9
2.73
3.05
6.36
1.89
1.33
0.34
0.58
0.81
5.74
8.11
1.48
2.76
0.36
1.92
8.45
8.41
2.58
3.49
4.7
9.58
3.37
3.03
2.04
4.3
1.9
5.66
7.94
3.86
7.38
5.73
6.54
7.74
5.5
7.57
9.95
9.41
8.09
5.88
0.7
1.53
1.97
1.0
9.49
7.4
6.35
6.97
9.6
9.57
4.71
8.46
8.23
7.7
7.27
7.23
1.01
9.52
6.56
2.16
6.19
2.0
4.03
7.06
6.07
9.62
9.86
7.31
3.61
5.44
8.68
1.12
8.62
1.74
6.84
1.46
6.69
2.67
0.95
7.9
4.04
6.25
0.02
7.88
1.86
2.18
1.39
6.01
2.54
7.39
2.09
1.98
0.52
4.51
6.0
6.87
5.75
9.98
2.52
5.08
2.46
3.56
5.74
5.83
2.77
7.67
9.65
9.25
3.45
8.69
0.84
0.86
7.9
2.11
9.56
4.16
3.59
6.11
1.16
9.12
9.83
3.91
9.04
1.39
5.84
9.85
7.33
3.85
5.96
6.41
5.0
3.96
8.27
2.01
0.66
3.74
3.89
7.96
1.76
8.72
1.78
0.66
5.65
9.74
6.79
4.2
8.12
3.81
5.01
4.25
2.67
9.48
0.13
0.3
9.32
0.53
3.18
0.65
4.47
9.86
9.99
4.86
2.71
8.65
8.21
6.66
1.74
7.99
1.35
0.02
4.03
1.66
7.34
7.54
2.75
0.84
8.95
6.8
1.31
5.31
2.71
3.11
5.03
0.79
9.03
2.9
8.52
5.23
1.32
5.14
6.51
9.92
6.63
3.63
6.48
4.86
1.46
1.19
5.6
5.13
9.55
5.56
0.8
1.46
1.58
4.64
0.91
8.47
5.83
1.73
1.26
8.94
5.59
3.82
6.16
0.86
5.22
7.72
4.44
8.35
7.0
9.38
5.15
6.22
5.73
6.76
8.43
5.25
1.53
2.97
5.51
0.52
1.73
9.62
3.5
3.27
4.97
4.4
5.08
5.7
1.19
2.48
7.29
3.54
3.19
2.09
6.84
1.92
2.1
3.35
3.27
7.25
8.66
0.26
2.31
8.76
9.14
3.12
5.3
9.34
0.4
5.76
5.25
1.19
1.28
5.15
9.29
6.66
3.84
9.84
8.01
5.18
5.76
0.55
4.14
6.22
2.18
9.26
4.94
1.7
7.46
1.01
6.27
7.94
6.35
5.86
6.09
2.96
3.72
7.0
2.46
8.59
1.28
5.55
8.18
3.25
2.07
9.32
5.37
1.08
0.89
0.3
9.77
1.69
7.67
9.94
7.6
9.07
3.19
6.25
9.67
1.13
7.01
0.94
6.78
9.77
0.2
7.75
1.67
6.99
4.01
7.09
9.63
7.16
0.95
8.52
7.67
4.95
8.28
5.92
3.05
9.72
8.54
7.11
0.1
0.58
8.26
0.35
8.15
2.65
4.17
3.04
1.52
3.82
8.67
7.89
3.34
0.66
4.9
7.02
0.74
2.33
8.77
7.1
2.14
5.34
3.72
8.25
0.51
9.04
5.19
0.24
0.88
4.47
6.73
5.96
8.59
6.09
4.76
3.29
3.93
6.22
8.51
3.7
3.29
8.99
1.26
3.42
7.31
7.39
4.53
3.17
3.89
7.85
2.7
2.64
9.83
5.72
9.13
3.94
7.67
6.78
3.71
2.84
7.72
1.1
8.25
7.11
3.78
4.62
6.63
9.7
1.61
0.6
6.66
3.77
8.96
9.57
0.67
0.43
1.97
9.67
6.91
2.57
0.88
1.86
1.41
5.03
4.14
5.57
8.88
4.34
9.79
7.47
3.04
2.92
6.23
5.17
2.67
8.85
5.41
9.72
7.31
0.65
6.78
1.77
3.01
0.0
7.03
1.76
0.67
5.55
8.22
6.57
7.14
9.75
8.83
3.23
8.84
8.28
4.37
3.68
1.57
4.18
3.43
3.01
9.35
9.43
3.57
1.52
3.26
3.23
7.69
5.56
8.82
0.02
5.11
3.55
8.54
8.18
5.33
3.31
1.93
5.96
0.55
7.01
4.62
2.73
8.38
9.32
3.68
0.93
7.64
0.3
2.59
7.41
4.98
2.85
1.19
3.34
1.01
8.26
1.07
9.33
5.75
3.69
2.35
1.29
2.12
4.73
1.97
8.88
7.18
7.03
8.3
7.97
3.96
2.83
0.37
4.6
1.83
6.42
3.86
1.53
5.86
7.48
3.66
6.58
6.56
6.13
2.07
6.65
2.62
3.53
8.97
6.56
1.32
4.97
8.94
9.73
6.59
9.19
0.58
3.07
0.29
2.21
0.95
9.21
2.56
1.13
2.65
2.03
6.86
4.6
4.41
0.07
0.46
0.56
5.94
1.86
8.82
7.48
2.05
7.9
7.74
6.47
6.98
9.51
1.16
1.92
3.62
9.76
9.49
5.09
7.71
5.56
8.32
2.14
6.09
6.68
1.08
7.14
2.96
7.17
5.95
8.09
0.31
6.34
2.08
6.72
6.77
9.04
6.53
9.52
6.38
9.36
3.44
4.01
3.27
8.58
8.05
8.7
8.21
8.52
2.12
4.56
6.37
5.2
0.63
4.55
5.92
1.79
9.44
0.3
5.48
0.78
5.32
6.99
8.21
2.09
0.14
8.48
0.32
0.39
5.13
9.75
7.94
8.68
3.67
7.28
7.74
7.43
0.9
8.33
4.58
3.32
5.0
9.49
5.15
0.82
9.13
9.8
8.34
1.13
1.8
2.61
4.92
7.43
5.42
9.67
8.45
2.63
6.44
9.15
6.98
6.4
3.63
4.68
5.41
0.88
3.06
3.7
4.5
5.49
6.09
5.4
7.19
6.79
1.64
9.37
1.0
4.52
0.16
0.79
4.29
2.06
9.43
3.62
4.43
8.1
0.13
9.31
1.32
0.56
3.36
6.82
9.05
5.04
7.78
7.98
9.81
9.17
8.43
8.05
3.3
7.86
5.3
3.55
7.69
9.42
4.33
2.37
4.07
7.07
7.66
8.15
4.78
2.24
7.6
9.34
4.94
9.53
2.13
2.28
3.78
4.04
8.77
7.9
0.11
3.07
1.27
9.63
1.06
0.18
1.45
0.18
3.93
0.65
0.27
2.6
9.89
7.78
4.11
4.99
0.03
8.03
4.77
4.27
2.24
4.03
3.21
5.83
6.6
7.71
1.0
6.39
9.52
3.93
5.99
0.54
4.11
2.73
0.37
3.25
0.58
6.56
9.92
0.11
9.25
8.05
1.21
5.17
6.82
8.72
5.56
5.92
8.19
6.76
6.44
3.34
5.7
8.54
4.9
5.9
1.63
1.32
3.81
8.31
8.42
8.02
8.83
3.89
2.96
2.09
2.52
1.46
5.74
9.78
1.48
7.91
4.2
9.75
8.47
9.74
1.24
1.41
2.15
4.81
0.03
7.0
7.77
4.97
1.11
8.84
8.05
3.87
0.02
7.65
2.82
2.75
2.49
0.38
7.56
8.66
1.23
1.76
7.76
9.02
8.7
2.35
6.83
5.2
4.31
5.79
3.13
9.69
9.88
6.22
9.22
3.68
10.0
7.96
2.11
8.9
9.76
9.38
1.37
7.98
9.33
4.2
0.8
4.72
7.41
9.56
2.31
3.18
6.36
4.26
8.24
2.42
8.8
8.89
4.8
8.25
5.59
4.13
5.0
6.88
8.13
3.19
4.37
1.8
6.55
8.67
5.76
0.77
4.41
3.82
9.5
0.3
9.38
6.33
7.15
1.67
9.48
5.7
5.27
5.29
7.44
0.2
9.17
9.45
0.23
6.81
9.6
1.2
9.39
3.87
7.01
5.54
0.03
1.62
5.02
4.0
1.82
7.58
0.1
2.42
5.6
9.67
9.46
1.59
2.61
5.25
4.23
3.38
9.97
5.93
2.46
8.9
1.07
6.51
1.51
7.94
3.05
9.63
7.09
6.03
9.5
2.52
3.41
3.81
4.51
2.57
3.47
7.07
1.59
9.67
4.93
5.52
7.69
3.4
4.5
9.77
4.26
8.62
9.68
6.82
6.98
4.73
1.68
6.67
0.54
8.5
8.89
7.62
6.1
0.86
5.65
2.78
1.32
7.32
9.74
6.41
9.86
6.51
1.26
2.43
3.08
8.82
7.24
7.7
3.6
3.03
3.62
2.47
4.39
7.76
4.63
4.29
2.34
1.9
4.27
6.07
6.54
5.85
0.41
4.49
8.99
2.75
6.27
0.63
9.48
4.35
5.18
1.65
6.02
4.04
2.6
7.22
2.67
3.26
8.45
4.88
0.47
9.53
4.58
2.58
4.68
0.72
3.11
7.03
3.63
8.61
6.79
1.17
1.92
4.09
6.1
6.69
5.96
0.42
3.73
0.82
2.98
8.25
7.29
6.94
4.74
4.74
2.47
3.78
3.75
2.58
0.86
6.87
5.27
7.85
1.11
3.94
0.32
7.64
4.37
4.87
1.27
0.62
0.24
8.63
8.04
0.75
9.59
0.8
3.74
9.27
7.15
7.19
0.69
2.55
4.59
1.55
4.56
1.55
0.93
5.69
5.46
7.9
2.71
6.42
0.89
4.6
2.87
3.02
1.9
8.65
7.96
6.52
1.99
8.48
7.73
6.45
3.12
2.03
7.54
4.39
6.09
7.53
7.95
9.47
5.91
7.1
6.91
9.41
1.72
3.88
6.05
8.23
6.58
0.1
5.32
2.76
1.09
1.03
2.61
2.86
4.68
4.58
0.02
6.51
2.96
5.87
6.25
8.36
8.31
8.59
7.29
2.11
6.99
0.25
5.19
8.98
5.73
5.3
4.4
1.13
3.74
0.96
9.66
4.07
7.45
6.53
0.92
6.89
3.64
9.39
6.38
7.37
9.51
1.76
0.3
2.67
0.18
8.33
8.55
1.82
7.59
0.7
8.91
2.44
9.8
4.09
0.79
8.55
4.3
1.91
8.68
5.01
2.3
9.76
5.58
6.3
7.13
2.1
9.67
4.14
3.01
1.17
8.58
8.79
2.56
8.75
0.35
7.36
6.93
5.99
2.92
1.18
9.83
8.57
6.56
9.08
1.06
8.56
0.45
9.54
5.41
6.15
2.72
6.55
7.42
9.0
7.89
0.39
9.14
7.64
8.68
2.95
5.35
0.17
3.63
8.57
7.6
3.41
6.43
8.14
7.36
1.73
7.31
5.37
5.6
8.37
6.57
0.89
3.51
3.57
5.68
6.16
9.54
5.28
0.77
7.54
1.65
6.1
2.39
5.65
0.9
1.23
1.45
8.23
9.76
9.36
1.66
4.31
5.92
0.41
2.03
3.95
7.89
1.87
6.48
1.63
2.85
9.56
5.61
9.76
4.47
1.18
6.97
5.73
0.39
3.43
4.8
6.47
3.78
7.79
5.15
0.18
1.95
2.42
7.36
3.62
1.0
2.89
8.46
4.73
4.71
7.52
3.51
5.42
0.83
3.88
4.23
2.36
8.74
5.02
7.38
9.44
8.11
0.27
4.44
1.94
4.06
9.18
6.4
5.4
9.29
5.55
9.07
9.98
7.76
9.11
1.96
9.87
6.99
4.13
3.45
7.0
0.44
6.6
4.27
9.46
3.75
5.62
3.76
6.22
0.47
2.53
7.42
4.44
4.35
8.64
3.64
7.43
9.86
0.32
2.44
4.08
6.35
6.08
3.18
9.41
4.7
9.77
0.43
2.43
4.69
9.02
2.76
1.4
5.2
5.55
3.36
2.46
8.98
4.82
6.47
2.93
7.84
7.02
0.66
2.26
4.33
0.91
6.52
4.01
3.98
8.02
6.4
3.91
0.09
9.28
7.33
6.48
4.96
3.35
7.08
2.58
4.34
2.24
2.14
7.57
0.4
6.7
7.67
2.99
5.51
8.24
6.53
5.3
4.37
9.53
3.49
7.65
1.45
6.67
7.1
5.08
2.68
7.95
2.24
6.93
5.4
6.83
0.64
1.34
4.97
8.86
6.85
8.97
0.69
9.67
2.88
0.24
7.36
5.19
5.74
0.14
6.17
2.18
3.62
5.22
5.85
8.31
1.83
5.61
0.25
1.15
3.92
8.16
6.87
2.23
6.42
9.57
5.12
5.88
9.17
2.02
2.7
0.73
0.68
2.47
5.67
0.05
3.69
3.96
2.47
1.38
7.38
6.76
8.3
3.77
3.98
7.55
9.18
0.44
6.55
3.37
7.91
3.92
9.52
1.9
1.16
6.88
2.81
7.57
5.31
8.35
9.97
7.49
4.42
4.23
0.94
7.07
6.31
9.83
8.36
9.74
3.61
0.6
1.43
0.63
0.81
1.09
8.02
5.37
1.56
9.47
5.36
8.61
6.33
6.43
3.59
2.35
6.1
4.34
0.89
5.68
4.95
6.14
2.12
1.03
7.76
0.97
6.48
1.31
0.23
5.79
5.23
9.35
3.37
5.33
9.65
8.75
5.61
1.86
7.17
6.94
5.32
2.66
7.65
3.98
6.64
2.46
7.85
6.19
2.53
3.5
2.8
8.59
0.19
2.16
4.52
3.6
3.26
9.89
9.4
4.68
0.79
7.83
7.27
4.96
7.6
5.94
1.36
6.76
8.01
4.43
7.58
1.61
3.57
5.47
5.93
6.59
9.06
2.92
2.77
8.35
4.75
9.11
3.43
2.02
4.23
8.19
9.74
8.3
8.5
0.71
8.63
4.58
9.42
5.62
7.37
7.93
5.73
4.45
2.9
1.12
7.71
3.72
6.76
1.7
8.83
2.6
2.11
6.07
8.67
1.53
2.18
0.26
6.37
0.27
4.04
6.75
9.54
5.75
6.41
0.67
9.81
4.22
2.47
5.46
9.26
6.75
1.93
1.19
3.53
5.95
3.01
7.5
8.27
6.4
8.72
1.66
5.46
3.34
1.34
4.32
4.05
6.24
7.03
2.24
1.54
2.59
0.76
6.84
7.78
8.88
8.96
7.49
3.52
3.64
5.9
6.2
8.7
7.04
6.73
3.93
0.23
4.11
5.53
3.53
3.89
0.42
2.82
4.24
5.01
2.57
1.09
8.24
8.72
1.83
7.3
0.87
8.59
7.78
7.18
4.0
0.35
3.97
8.99
8.59
8.51
6.32
0.93
0.05
6.99
3.47
5.33
7.64
9.89
2.73
0.96
1.93
8.26
6.16
0.82
9.79
6.68
9.16
0.68
9.71
7.92
4.79
5.07
6.97
8.43
8.92
8.35
4.44
1.63
0.09
8.53
8.11
8.76
2.21
7.64
4.48
4.54
1.35
9.68
7.05
3.53
2.09
5.86
9.0
9.88
2.58
3.19
3.9
7.46
1.44
8.96
0.91
5.43
9.44
6.57
9.89
0.0
6.31
6.16
3.34
3.91
4.39
9.66
9.3
3.94
6.69
1.05
7.63
5.87
7.58
4.99
2.31
4.38
5.27
7.78
3.79
8.85
4.68
4.12
7.0
5.05
2.28
9.01
6.03
6.26
8.77
4.87
1.81
7.4
2.39
4.91
9.39
8.56
2.27
8.34
1.62
7.23
5.36
7.53
8.02
6.82
0.65
2.97
2.96
7.84
6.94
7.45
1.02
8.46
4.86
9.75
2.58
3.34
4.05
4.42
2.65
9.79
3.41
0.87
5.18
3.48
5.7
0.56
3.58
0.07
5.21
8.89
8.72
8.32
2.56
9.21
1.42
8.39
0.02
8.48
0.18
9.49
8.52
0.66
7.75
8.64
4.95
4.55
0.57
3.99
5.47
8.67
2.83
8.56
4.58
9.28
3.48
2.13
8.27
6.42
9.52
6.33
1.34
6.58
3.25
7.88
7.81
3.0
1.7
3.04
5.25
8.74
0.62
5.51
7.53
1.94
2.46
0.54
8.69
3.47
5.2
3.19
7.42
5.57
7.93
0.9
1.32
3.31
8.03
8.34
2.75
0.09
2.85
7.68
9.14
6.26
9.56
9.37
7.15
4.85
2.06
1.51
2.79
7.64
7.47
6.86
9.87
6.09
2.32
8.79
3.44
7.23
2.31
8.64
0.75
2.23
7.73
1.54
4.83
4.2
6.96
4.73
6.86
4.02
4.8
9.01
1.26
3.91
4.29
5.88
0.1
3.49
5.74
7.64
8.26
1.43
7.85
0.8
0.44
1.44
1.43
5.34
3.3
6.97
1.99
4.0
6.48
0.71
3.8
9.3
6.0
7.5
8.23
2.43
4.16
8.52
5.17
4.82
9.1
4.8
1.81
3.39
2.4
8.98
8.38
9.67
0.59
0.68
1.98
1.16
9.03
2.79
7.55
6.38
6.55
2.42
6.66
3.2
1.06
3.57
3.42
0.71
6.46
5.58
5.89
2.05
7.49
4.2
0.99
9.75
0.95
5.49
2.78
2.09
2.63
5.89
0.31
9.39
1.21
4.72
4.73
0.72
6.77
4.12
6.7
6.09
3.59
4.46
8.66
5.78
9.91
3.24
1.0
0.16
2.98
1.66
2.59
7.28
9.85
9.15
6.3
2.64
0.86
6.6
9.61
1.5
6.15
2.09
4.72
9.29
7.36
8.61
5.61
0.84
8.67
3.25
1.28
3.57
2.6
4.72
8.22
5.51
2.97
9.3
1.65
1.25
9.08
7.7
6.75
8.81
1.23
2.97
8.09
4.51
7.32
3.94
8.92
7.25
0.4
2.94
6.53
7.03
3.08
4.05
4.3
8.99
5.2
2.66
3.27
5.11
2.0
9.99
4.69
9.42
7.87
4.12
3.7
0.68
2.32
2.01
5.11
6.69
6.79
1.27
9.81
8.93
8.36
6.87
4.7
9.86
7.56
9.1
5.84
8.93
1.58
1.85
2.13
2.6
1.37
0.71
5.92
7.22
3.48
8.07
5.08
1.06
4.74
7.12
4.09
5.22
8.82
6.1
4.55
7.09
1.11
1.23
0.58
0.19
8.81
8.5
3.63
9.02
8.73
3.54
6.02
9.14
3.16
1.23
4.11
3.06
5.1
8.68
4.95
3.08
6.01
5.21
1.55
2.86
1.13
4.95
0.21
2.91
2.04
0.67
2.56
9.05
0.04
4.65
9.89
5.31
0.48
2.21
3.49
8.98
3.29
5.49
7.9
7.52
8.61
2.34
9.25
3.85
9.26
0.64
9.08
1.93
6.61
0.6
3.48
8.71
2.69
2.88
1.05
0.45
0.25
8.95
3.88
1.87
0.21
3.68
5.08
3.58
8.51
0.64
5.91
3.88
3.97
3.34
6.21
1.8
2.16
5.1
7.74
6.77
2.91
9.86
0.95
0.43
5.4
8.27
3.48
3.98
7.64
4.54
8.04
7.72
6.22
4.49
4.22
0.43
8.91
3.4
7.39
7.75
9.34
5.6
3.81
0.86
3.21
0.76
4.54
3.22
0.07
9.28
3.19
6.17
4.15
2.98
9.04
2.39
2.52
5.99
8.42
5.33
6.76
9.26
0.85
1.17
0.27
2.89
7.0
5.84
2.99
2.58
7.01
6.28
7.94
1.32
8.38
0.64
4.02
4.87
2.49
3.79
1.41
3.51
9.83
5.04
8.16
3.23
2.08
3.69
1.47
5.22
1.63
8.26
7.66
2.57
2.98
5.75
3.74
8.58
2.32
1.92
3.1
4.55
8.49
8.38
1.15
9.08
4.87
7.11
4.46
0.92
9.29
9.93
3.89
4.3
1.16
9.83
1.95
6.72
6.02
2.1
6.61
8.64
9.85
3.57
7.39
9.95
7.05
4.33
7.24
6.17
7.04
8.71
1.48
6.55
9.49
1.77
1.2
2.6
4.0
8.94
1.27
3.61
4.52
1.46
8.89
1.98
4.55
5.54
9.11
3.11
3.46
9.23
8.86
0.89
4.05
9.02
0.56
1.22
3.01
8.44
8.79
5.05
9.07
8.44
8.95
0.35
9.28
3.23
3.75
1.61
9.13
8.04
4.09
0.11
1.2
1.6
9.12
5.38
5.28
2.01
0.79
1.14
8.87
1.59
9.04
5.07
3.22
7.62
1.15
3.34
2.48
0.14
7.01
6.72
7.46
1.93
5.01
2.25
9.45
9.51
9.06
9.73
9.99
8.7
1.69
4.91
4.47
2.71
0.51
0.56
0.95
2.62
9.24
3.34
7.43
2.1
3.53
5.7
7.81
2.89
1.12
3.71
6.54
6.09
8.65
2.81
2.19
6.7
6.24
5.59
0.7
8.89
9.6
3.95
9.78
0.67
9.97
2.58
6.21
0.86
3.39
5.07
3.11
8.55
9.66
4.52
4.81
7.65
4.1
1.53
3.66
8.68
6.3
2.27
0.94
9.15
0.47
0.4
8.01
3.07
2.98
7.91
3.51
6.51
2.43
8.62
5.91
7.91
6.75
2.38
9.79
5.88
7.87
7.43
4.23
0.14
6.49
3.77
8.27
3.18
6.42
5.82
1.42
8.07
3.59
3.37
7.64
1.79
1.36
5.61
3.79
8.85
6.27
9.54
1.2
8.35
2.66
3.06
8.72
4.82
7.03
4.65
6.48
5.22
9.33
9.58
2.73
4.09
2.22
8.4
9.97
0.79
5.6
4.19
8.45
6.27
5.24
8.21
1.12
9.76
6.21
4.13
1.42
8.5
8.27
3.9
9.35
0.62
5.9
6.27
7.81
2.17
7.19
7.24
1.5
9.36
9.32
1.26
8.02
8.59
4.7
9.97
8.18
8.83
3.48
8.01
5.1
1.41
6.82
1.2
3.21
1.5
3.26
5.35
1.94
0.01
2.92
2.15
4.46
1.32
9.0
4.23