11712
Sistemas de Comercio
2.61
6.37
4.32
9.53
1.05
1.46
0.5
7.49
7.69
0.43
2.21
3.34
7.55
9.15
7.5
2.74
4.27
0.18
0.05
2.8
7.24
9.6
7.56
2.79
8.84
5.12
0.3
3.22
3.75
4.94
5.07
1.49
2.0
4.86
8.85
3.77
6.14
0.0
7.47
1.03
5.5
8.36
4.61
1.88
7.22
8.0
5.59
2.23
6.33
6.36
8.7
4.03
9.88
6.18
9.96
1.4
3.54
5.62
5.84
3.47
5.27
8.4
3.5
6.11
3.01
1.69
0.19
3.21
6.05
7.63
6.35
1.64
4.48
6.7
2.3
0.64
6.4
4.03
7.36
0.21
0.48
9.44
9.54
4.91
5.77
7.28
9.39
4.52
2.77
6.09
2.6
6.8
0.74
3.65
8.66
7.03
7.77
9.34
5.81
3.83
7.65
2.8
9.83
1.8
5.82
7.66
4.88
7.35
0.55
3.85
1.02
9.28
3.12
1.81
8.05
5.98
6.65
0.05
7.96
6.73
4.76
6.61
2.41
4.48
9.66
6.18
3.48
5.21
3.91
4.12
9.34
6.05
3.5
2.99
7.14
9.26
4.25
7.8
5.74
8.84
7.02
6.84
8.1
3.65
7.15
9.03
7.33
8.06
9.85
1.27
8.93
8.21
3.57
2.03
9.28
5.01
8.35
1.1
3.35
9.06
6.66
5.32
1.63
6.63
8.03
7.02
7.77
2.87
6.02
7.92
5.68
6.2
9.61
3.24
1.15
9.45
0.24
0.01
7.67
0.58
9.05
8.13
7.97
0.73
2.69
4.99
6.09
8.08
9.95
9.31
9.64
2.91
5.99
3.1
1.45
7.8
6.24
2.47
6.88
6.89
7.45
7.84
2.84
7.17
1.83
7.59
2.21
4.54
7.57
0.61
1.95
5.82
0.11
7.03
0.46
1.64
1.33
7.24
1.29
6.98
1.13
9.56
3.93
5.75
0.98
2.05
5.53
8.46
9.63
6.17
4.66
6.12
7.11
8.43
4.85
5.44
6.12
6.81
7.56
0.06
5.83
3.23
3.19
1.86
1.92
5.36
7.53
0.66
0.77
2.23
6.45
0.59
8.32
3.42
6.45
1.11
3.25
1.06
1.21
7.91
0.9
6.83
5.3
8.19
8.44
3.58
6.55
4.31
1.48
3.81
8.8
5.07
5.44
2.08
0.54
4.47
9.87
6.75
1.99
4.74
8.79
9.08
9.4
9.98
1.18
7.39
2.2
5.47
0.39
6.62
2.08
8.79
9.38
2.66
7.08
0.21
2.69
2.27
5.96
8.48
7.88
4.9
7.54
4.25
8.2
2.24
1.92
0.65
4.94
5.84
4.13
8.98
2.46
0.33
5.11
2.21
9.16
9.85
5.7
6.63
6.15
7.19
6.55
0.92
0.97
8.6
1.17
5.66
3.96
9.17
3.58
2.25
6.58
5.68
2.59
3.17
8.56
0.04
1.38
2.25
6.27
9.16
8.77
1.6
8.57
1.51
9.54
9.6
8.19
0.01
3.46
2.06
0.37
0.25
7.31
5.65
9.95
5.06
6.79
0.71
8.9
3.32
0.68
1.13
1.79
7.53
7.22
1.04
3.86
0.24
6.84
4.68
0.31
2.01
9.52
9.73
6.84
1.33
7.72
0.93
6.28
3.63
2.0
2.67
9.22
6.73
6.01
6.57
7.45
3.31
3.35
2.1
5.28
2.18
2.87
6.82
4.98
6.57
0.39
4.57
9.02
6.23
1.72
3.51
3.99
9.84
3.31
3.79
6.39
4.76
2.46
8.13
7.82
7.39
5.72
5.14
9.16
4.59
0.38
9.53
8.76
9.77
7.49
3.16
6.1
5.43
0.57
0.28
3.6
9.37
8.73
7.08
0.41
9.75
8.6
8.41
7.88
8.65
8.3
6.92
0.38
2.77
7.85
9.89
5.8
7.06
2.25
5.69
7.9
9.19
5.16
4.04
6.32
5.11
1.75
0.98
3.26
8.74
8.03
7.01
0.56
4.23
1.48
1.41
2.45
1.36
6.62
9.47
8.75
3.89
0.41
6.94
0.28
1.29
5.95
6.15
4.48
9.03
9.42
5.99
9.48
1.52
7.54
2.35
0.35
5.69
8.19
4.78
8.47
0.15
8.86
6.84
3.2
7.33
8.11
5.46
2.67
5.35
3.83
3.96
3.27
8.07
0.94
2.19
7.26
8.99
5.67
6.24
9.28
4.87
7.43
0.43
8.52
1.45
9.02
5.84
8.05
4.63
3.97
3.91
5.16
7.41
5.72
6.7
2.14
7.38
7.67
3.69
2.65
5.8
3.87
6.06
7.68
0.67
1.03
5.31
9.52
7.57
0.78
5.35
1.04
4.04
1.36
5.77
1.54
0.83
9.35
7.34
4.03
1.68
4.43
6.35
0.22
1.51
6.31
8.34
3.89
8.04
3.53
7.58
9.96
0.24
8.76
1.79
5.88
8.19
0.17
1.31
2.29
2.6
9.24
9.93
9.99
9.66
4.66
4.11
5.79
4.58
2.52
9.13
4.2
4.59
6.04
7.92
1.98
0.92
1.39
5.78
0.99
9.96
7.9
8.57
5.02
0.76
6.64
0.82
9.48
8.39
8.21
4.37
2.11
7.28
2.8
6.63
7.88
9.61
5.4
2.8
1.23
7.68
4.99
8.34
3.6
4.34
3.51
0.75
1.52
9.85
8.78
1.06
9.26
7.29
4.75
8.51
8.84
2.45
6.98
9.3
7.19
3.42
6.9
6.64
8.3
3.66
9.04
3.99
6.7
4.93
7.84
1.27
4.61
3.49
4.3
1.18
7.39
7.51
7.72
8.04
0.73
6.22
2.8
2.17
3.15
8.37
0.31
5.63
6.2
9.37
2.3
0.7
4.26
8.92
3.74
1.29
2.37
5.31
7.44
5.4
4.19
0.95
1.77
0.48
2.28
4.05
2.5
5.56
0.33
4.29
4.65
5.1
8.95
7.25
8.3
5.91
2.59
8.11
9.83
4.74
0.7
8.82
2.87
4.34
2.09
8.64
3.01
2.89
6.22
4.57
8.82
2.35
5.91
1.3
4.78
2.69
4.59
8.77
3.65
2.46
1.84
3.33
3.38
7.53
6.53
8.21
6.09
4.57
6.68
0.34
5.49
2.27
8.39
4.78
8.34
8.07
3.66
6.93
1.56
6.69
3.96
3.43
0.55
4.32
6.64
5.06
7.5
2.66
4.14
8.08
6.12
0.45
3.82
5.47
8.62
7.91
1.21
5.53
6.64
4.59
0.55
4.82
2.68
6.93
5.09
1.83
0.45
5.02
1.64
5.8
8.52
4.51
9.39
0.15
2.73
8.57
5.16
1.32
4.96
4.76
5.66
0.24
2.91
4.92
2.4
4.39
2.23
9.2
4.32
9.51
8.44
3.44
0.98
2.57
3.99
6.29
2.06
5.24
8.62
6.92
3.29
1.57
4.49
7.67
7.95
9.92
6.78
9.85
7.87
8.93
7.11
7.88
2.62
3.3
7.18
2.4
2.22
4.51
8.24
9.42
8.58
0.44
9.74
0.44
3.51
8.91
9.64
9.37
3.51
3.37
0.67
8.81
7.6
4.12
3.65
8.68
4.4
4.36
8.54
0.76
2.03
7.54
5.46
1.79
7.59
3.03
9.38
9.35
3.96
5.66
3.64
6.77
9.81
4.12
9.31
7.85
0.74
0.74
2.74
7.21
6.41
6.56
7.01
5.02
5.36
4.69
4.63
4.13
4.74
0.07
4.4
9.13
0.58
1.06
0.44
5.35
2.12
7.99
9.62
9.95
1.25
2.77
8.55
7.22
6.89
4.25
1.39
3.13
8.15
9.57
6.95
9.55
5.74
4.77
4.0
3.26
2.03
0.8
5.19
6.29
9.76
6.67
1.51
5.47
7.23
3.87
1.54
0.58
6.86
3.98
6.19
4.19
1.22
1.09
4.35
3.07
0.49
4.29
3.79
7.06
4.08
8.19
7.65
1.54
6.97
6.65
6.86
9.32
4.99
3.61
9.87
1.91
9.02
6.89
2.58
4.22
6.59
3.63
8.32
7.36
7.92
1.9
0.56
8.77
9.62
6.82
6.65
3.54
7.0
8.21
0.54
8.8
3.92
4.95
9.83
9.45
1.96
6.94
3.63
6.02
7.73
7.79
1.37
1.56
2.72
4.34
8.46
0.89
6.92
8.66
1.99
6.64
7.19
6.43
4.14
3.45
2.15
9.89
2.42
1.1
4.58
6.9
9.13
4.78
9.52
2.27
6.89
0.09
2.58
0.28
2.91
4.87
9.59
6.25
3.19
5.03
8.21
1.27
0.55
0.5
1.17
5.3
0.96
6.98
5.03
1.12
8.99
4.31
3.03
3.34
7.89
0.39
7.91
4.72
3.24
8.15
7.75
4.86
2.68
1.4
7.42
1.42
3.03
0.74
3.56
1.61
2.76
1.97
6.98
9.2
3.47
8.59
7.63
6.64
4.35
0.76
1.76
3.64
5.46
5.43
7.01
3.84
2.19
4.85
4.07
6.09
4.6
8.55
0.32
1.14
3.08
0.15
7.12
1.81
0.25
7.72
4.21
7.24
0.71
6.65
8.42
3.53
4.97
2.93
9.05
4.52
7.5
7.69
9.26
5.23
7.11
1.79
5.56
2.06
8.04
3.27
8.36
2.97
4.63
5.51
6.05
9.49
0.44
7.93
4.74
2.47
3.9
5.04
8.66
0.12
0.9
1.6
0.48
3.35
8.62
6.35
0.5
0.31
8.82
0.48
8.42
0.18
8.36
4.51
9.46
9.03
8.4
5.25
8.05
2.72
2.86
9.83
3.89
6.23
9.71
7.81
8.84
0.24
7.68
2.87
9.02
3.49
6.34
7.11
9.38
8.3
9.37
2.46
5.56
2.02
3.84
7.27
3.87
7.87
3.87
7.38
1.01
4.11
9.3
6.56
6.89
1.56
2.43
2.73
3.59
8.85
8.23
7.02
6.9
4.04
2.95
5.84
0.78
5.88
8.06
9.54
3.69
1.06
0.16
7.13
0.54
3.45
7.32
3.44
8.31
1.63
3.77
2.18
8.28
8.61
8.43
5.15
7.79
0.69
6.3
4.25
7.19
7.56
6.84
4.96
5.48
4.42
2.27
8.84
1.27
8.53
6.55
7.78
4.82
9.9
2.2
5.62
9.64
1.86
2.32
1.24
4.81
4.22
3.64
3.86
0.71
6.05
7.17
1.14
3.63
9.42
6.53
5.71
2.05
6.85
1.72
4.39
6.62
2.91
9.58
8.71
3.21
7.13
7.27
2.22
3.61
8.29
8.81
8.71
2.9
6.96
3.27
9.3
6.79
1.96
6.29
9.96
9.25
8.24
4.21
5.0
6.09
7.53
0.35
4.96
6.57
6.98
2.73
2.65
6.07
6.56
0.45
6.83
1.95
0.3
6.08
4.88
9.88
0.61
7.22
6.09
1.46
8.16
5.95
4.56
0.41
1.28
6.45
4.96
5.87
9.98
1.18
2.78
2.45
6.91
1.16
0.92
5.29
4.34
3.54
3.37
7.62
2.68
0.63
8.45
8.51
3.75
5.57
2.51
7.26
6.87
0.51
1.5
3.48
1.94
1.11
1.66
0.55
0.88
8.81
7.4
8.67
3.11
2.36
2.77
0.13
4.73
8.27
5.43
6.74
5.56
6.89
9.23
5.19
2.11
2.97
6.02
4.44
4.1
8.45
1.5
0.23
0.0
9.09
3.58
6.31
7.45
9.53
7.26
5.73
6.81
2.71
3.61
8.14
1.05
4.75
9.07
4.01
6.07
1.57
8.89
7.43
0.18
9.78
0.76
9.79
8.61
5.5
1.52
0.02
8.46
8.33
1.46
3.01
0.24
3.75
6.95
9.71
6.18
1.31
6.56
2.62
0.92
8.57
6.46
7.18
8.99
7.6
2.03
2.22
6.6
1.63
6.6
5.8
2.72
3.72
0.74
8.76
1.55
0.56
6.19
6.5
7.97
8.5
0.72
6.73
6.16
3.14
1.43
5.1
3.68
9.36
7.68
8.83
5.32
6.51
2.44
3.48
5.33
2.81
8.94
6.82
4.04
7.76
0.14
5.87
4.16
1.69
2.41
0.9
8.3
1.0
8.56
5.61
8.65
3.15
1.77
9.05
6.82
5.83
7.45
4.93
7.63
3.57
8.9
6.66
1.33
2.13
7.5
5.09
4.19
7.98
6.98
3.58
2.43
2.15
0.76
4.27
4.84
5.84
7.7
3.3
3.88
9.9
1.65
3.9
5.03
2.39
9.52
9.12
7.72
3.41
5.53
5.73
2.46
6.53
5.28
7.94
4.92
2.3
3.17
3.34
9.94
9.02
0.49
0.04
1.07
6.72
3.44
0.78
8.15
2.83
6.14
0.57
7.71
7.37
4.9
3.48
9.57
9.52
6.45
8.52
8.22
1.05
0.64
8.73
1.38
6.48
3.0
1.99
2.08
2.75
6.77
2.85
5.13
1.74
1.81
1.66
1.94
8.73
4.04
9.03
8.94
6.68
7.81
3.63
2.02
5.06
3.74
8.11
6.18
3.63
4.44
2.97
0.26
5.65
8.28
7.7
9.27
9.67
9.96
8.19
7.36
7.28
3.81
4.74
2.37
4.7
6.8
3.74
2.89
2.97
6.96
4.51
4.19
5.27
7.43
3.47
4.43
1.55
2.62
7.76
2.93
9.53
5.96
1.67
9.94
2.27
9.3
0.71
2.32
8.92
1.08
0.94
2.33
9.12
6.47
6.56
6.05
8.7
4.62
9.63
9.85
2.18
5.49
7.21
3.8
1.29
5.64
5.71
0.37
3.87
2.4
9.01
4.45
9.38
7.02
1.68
5.63
6.51
9.91
9.35
2.96
7.35
9.39
3.48
5.79
3.55
9.93
1.27
1.91
4.21
9.55
1.09
7.13
7.19
1.81
9.35
7.72
2.86
4.54
9.22
0.67
8.07
6.72
4.63
0.54
6.89
0.83
2.93
6.1
7.56
6.77
4.49
0.87
6.89
8.35
8.44
5.28
8.84
9.55
7.81
8.89
3.74
10.0
8.74
0.15
2.91
4.86
4.13
8.75
0.92
8.75
1.77
4.92
3.91
4.57
1.23
2.71
3.88
2.62
6.87
7.7
0.31
0.94
5.81
9.21
5.58
2.12
1.95
7.3
2.94
7.81
5.29
2.37
9.77
2.61
5.81
4.23
6.54
6.97
2.85
7.59
4.13
1.02
5.77
8.15
8.93
5.17
9.79
0.67
2.74
9.72
7.78
2.94
1.45
6.95
2.9
4.72
4.06
4.02
1.91
2.66
1.74
1.53
2.31
6.35
5.43
9.83
2.82
9.72
2.99
1.25
8.51
6.15
7.57
6.47
8.66
0.9
8.27
0.23
9.53
4.59
9.55
6.04
3.78
0.6
3.96
7.83
9.64
7.0
3.72
1.86
6.86
5.09
8.9
6.99
5.47
3.72
4.77
9.86
0.25
8.12
3.72
7.48
6.79
4.93
6.86
2.79
7.21
1.1
9.29
0.16
8.83
9.38
7.45
6.36
6.82
7.59
3.08
7.45
0.89
5.91
1.67
1.08
3.77
4.2
0.93
3.93
2.68
9.78
3.45
6.58
4.0
9.39
6.01
5.23
2.93
2.58
7.15
2.49
1.56
0.29
9.9
7.48
5.27
10.0
9.44
8.04
6.75
5.15
9.22
7.02
6.11
5.57
9.42
6.73
9.24
5.2
9.59
6.88
7.9
6.39
8.62
4.25
2.52
1.83
9.33
2.57
8.72
8.91
5.54
3.66
6.76
9.38
6.59
6.34
2.27
7.32
8.46
6.34
7.83
5.06
3.61
8.46
7.29
2.69
2.06
0.06
4.29
8.18
6.88
7.32
5.37
6.13
4.69
4.74
4.86
2.1
1.26
8.87
2.88
8.62
8.47
3.7
2.96
1.23
4.77
9.19
1.26
4.92
8.07
5.24
4.69
9.19
7.6
0.34
2.96
4.53
9.3
1.02
7.58
4.88
0.3
7.47
9.33
3.49
1.81
0.21
5.76
0.39
0.81
7.78
4.58
1.94
2.28
4.33
8.64
5.13
5.82
5.52
0.77
2.18
0.03
7.92
0.06
5.5
7.54
9.24
6.55
6.5
4.44
5.67
7.56
1.07
7.1
5.79
6.87
5.89
8.02
8.75
5.52
6.79
2.67
9.31
3.38
0.14
0.96
7.57
9.44
4.96
9.15
0.82
6.25
8.9
5.85
1.41
0.09
3.14
3.88
9.37
2.02
6.3
2.82
5.99
2.51
3.64
7.17
2.19
6.25
6.4
8.5
9.51
6.66
7.0
7.08
5.51
4.07
1.19
2.45
3.16
7.72
4.49
5.76
9.78
6.14
3.64
1.84
8.12
7.33
5.56
9.89
6.81
4.43
4.14
5.32
7.85
4.18
2.31
4.56
1.04
1.94
0.12
7.67
8.87
2.31
2.31
9.22
8.01
5.75
9.72
8.07
9.76
9.06
0.41
4.76
2.64
5.13
4.05
6.32
8.49
7.16
5.29
1.18
4.19
7.34
0.02
5.2
5.22
8.95
5.22
2.38
0.82
8.08
1.71
2.22
8.6
7.73
8.04
5.98
8.3
6.07
2.28
2.49
8.44
4.12
5.35
0.27
7.21
8.26
7.51
5.97
0.48
5.95
1.29
1.67
7.78
2.12
4.52
3.52
2.13
6.64
0.15
7.67
1.32
8.58
3.96
8.84
9.34
9.6
2.93
1.7
2.68
5.79
1.42
6.2
7.37
1.91
5.71
6.35
5.12
4.25
1.0
9.18
7.55
4.85
0.39
2.63
9.05
6.04
1.99
5.75
0.57
1.22
0.44
6.57
7.01
8.18
7.39
8.28
1.49
4.54
7.57
0.36
1.55
5.39
1.26
2.14
0.27
3.7
4.56
7.32
9.79
5.88
5.54
1.99
0.56
7.98
5.0
8.23
0.88
6.23
1.7
9.38
1.17
3.14
9.24
9.06
6.22
4.23
1.43
5.26
8.52
9.95
7.16
8.61
0.65
0.97
7.09
6.05
1.32
5.69
1.6
6.14
3.75
0.48
4.43
5.32
5.58
3.81
5.55
9.28
9.04
2.04
9.27
0.88
0.71
4.98
7.57
1.83
0.99
7.14
2.31
4.36
9.9
6.25
7.95
6.25
3.78
1.04
3.92
6.14
1.34
3.91
1.79
4.59
5.95
0.3
0.15
7.58
4.54
3.98
3.37
8.2
0.57
7.56
0.98
8.52
0.91
5.49
3.59
5.8
0.22
8.38
0.29
4.16
6.9
6.51
9.92
0.93
2.79
6.18
5.46
9.94
9.01
2.75
2.58
7.87
9.77
5.6
6.81
3.22
5.95
0.38
7.79
0.88
6.82
0.36
2.29
0.69
5.41
0.88
9.37
1.75
8.7
4.82
7.5
4.99
1.12
4.46
7.16
9.46
0.16
0.47
4.79
1.36
8.28
2.48
9.53
3.52
1.17
1.4
3.4
8.58
2.53
5.36
3.25
1.75
0.27
1.36
2.77
7.72
7.32
4.17
3.99
9.59
8.78
8.92
6.7
5.24
3.74
6.78
4.0
3.79
3.32
2.23
1.96
7.47
7.16
0.22
6.65
5.92
3.14
8.37
7.5
1.45
2.24
0.49
3.94
9.05
3.73
5.59
5.29
8.48
1.16
7.47
8.65
9.77
2.59
2.55
8.15
0.29
4.53
2.38
3.89
9.67
5.77
3.1
7.58
7.7
5.04
9.95
4.12
3.82
9.06
8.72
5.51
2.05
9.39
8.36
5.71
1.91
6.09
5.81
0.51
9.75
8.51
7.6
2.04
6.05
9.23
4.28
0.58
0.91
9.81
8.09
3.48
3.63
9.21
8.45
6.0
9.93
4.46
6.54
4.66
8.12
7.76
4.34
5.08
0.98
8.68
5.09
3.72
4.02
8.38
7.26
4.4
0.79
4.0
8.18
7.67
7.01
5.61
4.53
2.59
2.68
1.92
6.03
2.81
9.97
4.68
5.58
6.32
1.94
0.24
6.76
9.57
6.32
0.18
8.56
6.57
7.36
5.35
7.86
9.61
9.29
2.74
0.2
3.98
9.97
1.89
6.04
8.76
0.12
7.42
2.38
3.81
1.14
5.93
6.58
6.9
1.24
2.27
5.79
4.04
7.72
6.64
2.22
6.72
9.33
6.73
3.76
7.09
9.79
8.96
0.74
4.21
3.32
2.13
8.13
0.24
5.26
7.48
8.68
0.26
0.78
2.91
6.02
5.05
2.96
8.97
5.85
7.9
8.56
7.82
1.32
9.96
7.59
0.2
0.36
8.33
1.42
6.15
0.8
8.95
8.17
6.14
6.9
7.99
5.58
5.53
0.22
3.69
0.98
8.16
3.46
0.84
1.79
6.3
4.97
4.65
5.72
2.28
8.09
0.92
0.63
6.75
2.04
8.91
3.03
6.84
7.07
4.07
2.27
8.73
6.64
0.7
2.97
6.03
1.75
6.88
3.91
3.27
5.3
6.01
5.27
4.58
0.54
7.88
4.95
7.97
2.73
8.66
4.49
9.5
3.95
1.12
3.14
3.06
5.34
5.78
2.1
6.47
5.6
7.46
3.37
6.46
7.14
5.35
0.8
0.31
6.68
4.43
6.88
2.17
6.12
5.74
9.07
7.26
4.9
9.37
2.17
5.25
0.73
2.1
6.62
6.13
2.7
6.06
4.37
2.7
5.55
4.75
8.8
9.24
3.83
6.82
8.35
7.8
6.93
3.65
5.0
2.31
9.06
4.46
4.93
8.69
8.55
9.89
1.78
5.92
5.41
2.69
3.11
5.41
8.52
3.77
2.0
8.31
7.2
1.93
4.63
3.7
3.23
8.81
9.34
5.73
9.83
3.16
0.36
5.37
5.88
5.98
9.32
7.36
1.73
1.9
8.24
9.73
2.08
1.37
8.28
9.34
1.76
7.31
0.68
1.52
3.9
7.68
8.83
0.35
9.78
9.42
2.77
7.63
1.43
2.42
7.87
0.35
8.68
6.41
7.01
5.0
8.76
3.59
0.11
0.47
2.42
1.42
7.46
4.6
3.34
8.87
9.68
0.72
8.51
5.97
0.15
8.92
5.04
7.8
6.8
5.01
4.33
7.85
5.56
6.34
9.41
8.09
3.82
8.57
2.46
4.21
3.84
3.44
9.65
5.59
0.81
9.73
1.67
3.36
2.1
7.39
1.68
6.94
3.9
2.5
9.96
1.2
6.86
1.48
7.06
4.99
7.63
4.25
0.45
8.81
6.39
7.91
0.34
2.84
4.97
0.4
3.12
0.84
7.73
7.36
0.87
0.11
7.46
3.02
3.39
4.63
6.17
1.53
3.18
0.78
4.3
7.19
0.37
7.4
7.06
2.33
6.78
3.59
2.08
9.43
3.46
4.4
2.73
7.47
3.04
1.92
4.09
3.87
9.67
7.4
5.92
0.95
8.75
4.89
4.43
7.63
0.49
0.51
6.42
1.72
1.28
8.15
2.68
9.38
3.24
4.53
8.18
8.97
5.46
0.44
4.09
3.83
5.83
3.42
3.58
3.95
7.51
9.07
3.61
3.42
1.73
2.05
3.14
7.06
4.39
8.82
9.35
4.57
2.9
4.19
7.12
6.09
0.32
2.23
8.31
6.21
4.64
7.89
3.27
6.39
5.57
3.35
0.89
7.68
5.12
5.07
6.5
0.86
2.16
2.51
4.85
2.1
5.08
8.21
4.49
6.47
1.52
9.1
6.83
9.39
5.93
6.32
2.37
5.06
2.01
7.64
8.99
3.17
0.67
9.47
0.15
2.71
5.97
4.57
6.98
1.31
6.94
0.31
4.13
8.55
8.72
4.65
6.35
8.78
6.52
0.93
6.54
0.2
1.39
0.27
6.66
6.27
8.08
5.22
2.13
6.97
2.1
2.57
4.84
0.07
4.48
1.65
9.26
7.73
0.24
4.44
2.44
1.75
5.09
7.4
9.05
3.84
9.08
2.76
7.16
5.39
0.34
3.93
7.22
3.79
0.61
1.94
2.41
7.58
0.49
5.55
9.91
3.44
0.14
1.3
3.45
2.76
5.25
2.64
6.73
0.66
8.06
3.08
6.99
7.14
6.26
0.6
8.24
6.84
4.91
8.36
3.69
0.39
1.74
2.58
9.66
2.56
3.33
9.57
8.19
5.24
4.16
1.49
9.92
8.36
4.44
3.25
9.79
8.65
6.2
8.04
2.84
9.25
8.1
6.28
2.51
3.8
6.61
7.61
0.27
4.97
1.41
2.45
9.77
7.8
1.78
3.33
6.61
3.39
9.83
6.54
5.77
3.05
3.31
6.89
7.71
0.45
2.39
7.13
2.93
1.26
0.75
8.03
1.09
9.03
8.25
4.37
6.71
3.6
8.69
9.67
5.29
5.27
9.12
3.31
3.91
5.25
9.07
8.3
3.17
2.78
8.89
9.51
0.73
8.04
9.24
9.56
4.91
7.08
4.97
8.15
1.82
0.58
9.94
0.04
6.62
7.55
7.87
3.65
7.07
7.39
8.87
9.81
5.98
5.09
8.48
6.97
3.53
8.72
0.69
0.59
0.54
6.84
5.56
0.31
1.13
8.05
0.59
1.21
6.9
2.38
0.66
6.73
4.35
9.83
5.66
1.66
0.24
3.55
4.55
4.63
0.64
4.81
7.36
7.56
4.95
8.68
4.54
9.49
5.13
3.16
2.64
5.54
3.0
8.99
0.13
1.8
6.43
1.74
1.62
2.56
6.1
5.55
9.01
9.61
3.86
6.19
3.96
4.97
8.3
0.74
3.92
3.9
3.71
0.89
9.26
7.22
8.66
9.43
1.07
5.49
8.32
4.81
5.46
8.08
6.53
7.12
5.53
8.32
8.72
5.39
3.87
3.17
8.86
3.18
0.66
5.4
2.77
6.81
1.12
3.16
6.66
4.09
1.07
8.45
8.5
6.11
9.49
1.48
0.57
4.29
3.87
9.44
9.76
3.41
0.38
4.85
6.36
8.05
0.74
7.5
5.45
4.15
1.15
5.08
3.49
9.18
9.49
5.28
2.92
1.61
3.51
2.87
4.34
7.9
9.71
3.4
1.37
5.86
2.27
3.05
3.97
6.29
6.21
1.9
2.24
6.23
1.0
7.42
9.73
3.12
6.72
2.06
3.58
9.71
7.18
7.06
2.44
3.3
9.98
8.88
6.43
8.01
1.37
4.18
0.13
5.15
9.8
3.58
7.85
1.22
8.44
9.47
5.4
1.84
8.44
4.88
9.97
4.93
1.63
5.35
0.16
6.32
1.53
5.72
5.67
9.81
9.8
4.14
0.82
2.39
6.77
5.13
6.08
3.92
5.86
3.73
0.7
2.06
3.56
9.99
7.69
4.14
7.53
1.3
2.83
1.07
2.15
5.17
9.85
0.39
8.91
9.36
9.53
1.57
7.02
1.65
7.17
6.03
0.61
5.15
2.15
6.08
8.13
5.75
3.11
7.12
4.88
7.88
0.88
8.3
8.64
2.86
8.13
5.31
0.17
7.45
5.51
0.25
2.41
3.76
1.85
0.24
0.39
1.65
5.05
5.07
8.78
0.37
2.4
6.24
1.71
7.19
4.63
6.16
2.18
1.56
2.6
4.83
6.58
1.28
7.3
3.31
0.3
7.42
1.11
8.33
2.96
8.66
3.14
1.03
7.18
2.61
7.24
2.4
6.72
9.78
3.38
6.43
7.07
1.33
3.38
3.7
8.39
9.49
0.95
3.38
9.28
0.32
6.72
5.55
0.59
0.88
3.52
3.86
4.65
4.51
3.98
4.26
5.83
6.73
8.14
1.37
8.46
0.81
1.06
0.95
1.05
0.49
6.62
9.85
7.71
4.11
1.44
2.32
3.65
0.09
4.59
5.96
9.91
2.26
2.3
1.82
3.13
0.19
5.9
0.82
6.12
6.95
8.88
0.6
3.11
6.67
2.95
6.57
3.1
0.86
7.58
2.38
4.61
0.77
8.03
4.12
7.78
1.78
7.54
1.68
4.61
6.35
1.63
1.01
2.68
8.59
3.19
7.94
9.76
6.01
3.91
1.82
5.2
1.82
1.63
5.56
4.23
1.87
3.25
8.18
1.81
8.83
3.35
3.47
0.93
9.93
7.87
4.12
5.55
2.78
4.22
8.28
3.48
2.58
5.22
6.51
3.58
7.78
6.87
0.57
3.17
0.54
4.56
1.38
7.61
6.21
1.23
7.3
8.7
8.71
0.83
0.59
1.28
5.06
8.6
3.05
9.94
9.12
6.1
2.58
4.09
9.48
7.97
5.44
5.45
8.51
1.73
5.91
2.46
2.09
3.45
0.3
9.67
5.33
0.25
6.6
5.77
9.04
3.69
7.07
5.93
7.0
7.43
6.46
6.49
4.38
0.01
7.8
1.15
5.81
5.13
0.56
7.53
2.26
4.22
5.91
4.44
6.66
1.03
5.01
2.94
6.87
2.73
3.37
2.08
6.55
7.25
8.94
5.02
3.74
9.76
0.12
1.0
4.38
6.42
8.27
1.07
6.28
2.58
6.08
2.23
8.1
3.46
7.39
5.55
6.2
1.64
0.84
4.54
8.71
8.97
8.47
3.81
4.14
0.15
2.11
6.89
6.95
4.34
4.55
1.79
7.64
2.31
5.53
8.2
6.64
0.85
1.02
4.46
9.3
0.74
5.6
2.64
2.08
3.11
7.51
0.14
9.33
7.77
6.01
0.21
1.62
7.05
4.56
5.75
7.49
4.44
2.76
7.05
8.73
7.4
8.34
8.72
4.71
0.59
1.79
8.69
0.32
0.58
8.81
7.69
5.43
6.66
7.2
4.32
8.9
5.48
4.89
6.93
6.19
0.61
2.78
8.26
8.65
2.98
2.34
5.95
7.87
9.08
4.97
1.39
2.67
0.15
0.88
4.58
1.88
4.74
1.41
1.43
0.02
7.91
7.38
7.47
9.86
9.91
0.52
3.69
7.65
1.2
2.15
7.67
4.46
0.8
7.7
2.1
1.78
8.72
9.04
3.32
8.63
6.02
2.52
8.25
4.61
9.2
8.73
0.69
2.63
5.61
1.59
9.32
3.79
3.89
6.56
2.98
0.82
3.78
6.97
1.36
8.48
8.97
6.37
4.53
2.76
2.41
6.38
1.24
0.61
1.08
4.95
8.46
4.59
6.54
2.24
2.62
8.7
6.74
6.3
3.76
7.81
0.71
1.11
3.78
8.42
2.1
2.57
5.7
1.07
1.38
6.96
6.01
8.7
7.79
4.42
6.97
9.21
2.74
6.21
3.49
3.12
4.91
3.69
5.76
6.03
3.77
3.45
3.18
4.39
4.94
6.82
1.9
1.83
0.05
5.53
8.13
9.19
4.29
2.86
3.52
6.58
1.83
0.55
8.21
8.31
9.75
0.13
6.39
1.45
0.7
2.66
5.76
3.42
7.03
1.01
9.55
3.39
0.18
2.45
9.56
8.53
1.22
9.8
7.78
9.68
8.15
7.71
3.81
0.68
3.12
7.31
7.0
9.85
1.72
9.95
8.93
0.33
4.24
5.9
5.52
3.74
3.51
4.95
7.17
3.52
0.7
4.36
6.83
2.08
4.06
7.8
6.15
9.37
9.47
8.37
3.14
1.57
8.1
9.37
2.6
0.53
7.23
0.93
0.24
6.95
8.24
1.26
2.09
4.83
3.33
5.19
4.96
6.83
4.43
2.42
0.64
4.79
3.09
0.34
4.15
4.36
1.64
1.5
6.16
5.13
1.84
3.48
2.9
4.48
3.47
4.14
0.34
5.85
5.64
5.47
8.02
6.37
3.67
7.14
1.77
6.61
9.09
2.81
8.03
1.33
7.89
4.59
4.53
0.13
7.14
7.06
5.29
6.81
4.65
0.0
2.23
9.6
6.82
7.0
9.83
8.1
1.78
1.02
9.12
8.69
5.82
3.52
4.96
3.65
2.36
9.75
6.47
9.39
7.81
1.29
8.17
2.52
1.15
0.71
0.93
9.18
9.12
0.43
2.63
4.5
9.92
4.75
7.95
8.17
4.22
7.86
2.02
5.98
4.59
7.23
2.1
8.43
0.01
4.78
0.42
3.36
7.49
1.11
1.93
8.81
5.64
3.77
2.34
8.22
1.77
9.34
5.84
1.83
0.82
8.96
3.8
7.5
3.04
0.36
4.23
6.94
2.68
6.18
8.24
6.86
4.87
0.64
6.67
3.89
0.01
1.2
0.93
6.57
8.31
7.39
6.17
7.38
0.37
0.43
4.03
8.48
4.66
3.64
6.13
4.21
4.23
0.73
9.9
1.45
0.75
2.29
2.26
2.67
4.57
8.63
7.91
0.17
0.98
9.39
9.13
8.35
0.61
5.08
2.3
5.65
3.58
1.48
7.37
5.33
2.75
4.85
6.14
2.36
1.33
9.38
3.7
1.05
2.53
6.59
2.56
9.99
6.26
6.46
8.89
7.41
0.51
9.96
6.11
6.83
7.56
4.94
5.07
6.99
6.65
3.41
3.39
2.14
5.63
2.4
2.72
7.62
1.89
3.46
3.02
6.45
3.98
4.06
0.3
5.04
5.25
5.67
4.04
7.62
1.5
4.1
1.88
1.51
1.8
7.25
0.18
8.1
1.87
7.3
3.9
3.04
2.18
9.96
9.49
1.3
9.72
6.74
7.04
9.05
9.36
4.55
6.19
1.91
7.51
4.26
9.91
4.25
2.93
2.43
4.38
8.58
6.14
9.08
9.77
3.84
7.23
0.51
9.29
5.94
4.56
3.36
9.14
3.31
1.56
0.68
2.75
2.43
1.78
4.31
4.72
3.92
4.14
3.78
2.03
0.76
1.49
4.91
6.39
1.34
1.1
9.8
4.32
6.4
5.49
5.37
6.29
1.0
7.86
3.24
3.33
9.79
8.05
1.69
1.8
3.84
5.51
6.14
9.24
8.76
6.54
6.44
4.53
6.69
7.4
9.42
5.62
3.54
4.42
9.11
2.4
2.94
4.81
6.16
6.47
7.59
7.22
0.12
0.3
1.17
4.7
5.35
7.64
1.41
7.6
2.39
2.92
9.31
1.77
3.02
6.5
4.61
6.79
5.24
5.62
6.33
4.6
0.64
2.32
9.17
6.98
4.47
6.08
2.96
4.27
8.67
3.27
4.66
5.02
4.57
2.6
1.08
1.09
6.1
3.13
9.22
8.89
2.3
1.84
9.7
3.71
2.71
8.49
4.41
9.06
9.43
0.96
4.48
6.07
9.18
5.3
9.82
1.95
3.58
2.58
4.13
3.15
9.24
2.7
8.39
3.12
2.98
4.81
2.42
4.64
7.06
7.06
3.64
0.65
7.87
8.91
4.87
0.59
3.48
0.44
1.87
1.78
3.13
2.4
6.5
8.16
1.71
4.93
5.4
3.74
4.82
7.94
4.05
1.0
9.87
7.67
3.49
9.22
9.78
1.56
0.7
1.06
0.62
9.78
8.01
8.58
5.25
8.68
9.88
0.84
0.8
8.84
8.09
6.56
4.28
6.86
4.05
2.38
1.13
2.33
6.93
8.32
4.39
3.5
4.63
9.53
5.11
9.21
3.27
4.56
1.17
0.4
1.06
4.98
2.52
6.27
5.07
2.12
7.18
7.39
1.58
4.4
0.53
5.46
0.03
8.1
4.7
8.65
2.0
2.17
2.58
9.0
4.25
0.82
3.62
7.73
1.64
7.8
7.55
3.43
4.78
8.76
4.16
8.38
8.38
7.69
6.67
1.44
9.89
3.05
4.09
7.17
2.15
4.54
0.15
2.58
8.82
2.87
3.41
9.08
5.33
8.6
3.23
8.4
2.04
8.63
6.08
9.97
5.77
0.06
7.73
8.63
1.04
3.94
3.6
4.26
2.67
3.65
7.05
9.19
2.43
4.6
0.12
4.34
2.09
9.78
7.32
2.08
4.31
5.95
8.46
9.56
1.54
3.56
1.89
8.89
9.81
7.95
7.79
7.4
4.98
6.27
1.57
6.13
5.66
8.28
6.97
5.85
6.69
7.91
8.0
4.67
3.69
0.08
0.88
8.32
9.97
5.13
4.87
1.39
1.88
9.15
0.0
8.09
7.94
4.61
0.1
0.2
9.04
2.07
4.93
1.68
7.04
3.12
5.23
2.86
2.01
7.78
6.19
6.88
9.54
6.38
7.13
6.34
5.5
3.31
4.4
3.99
6.97
4.17
3.22
7.57
7.96
6.79
9.69
9.08
9.0
0.06
0.85
4.51
2.13
8.86
7.47
6.27
5.69
0.85
6.71
7.4
8.78
4.55
3.93
1.93
7.21
8.33
6.59
6.44
8.06
5.33
5.06
2.84
1.98
9.42
5.87
5.8
1.75
2.73
1.22
3.05
8.91
4.11
6.3
0.16
9.35
5.27
5.32
4.17
1.97
2.63
8.96
0.61
3.95
5.9
9.99
4.95
3.74
9.92
6.18
8.72
3.87
2.09
9.28
2.9
5.51
2.17
9.95
3.68
6.2
7.2
7.12
2.85
3.83
8.67
0.27
8.72
7.77
6.57
9.48
3.8
4.51
4.37
4.23
3.82
6.05
3.35
9.64
2.83
7.05
0.84
6.19
2.26
2.62
1.87
4.26
2.44
0.01
2.99
7.58
8.89
9.88
7.88
6.69
1.88
3.94
2.07
0.97
5.34
8.78
8.42
6.4
4.05
7.62
2.85
2.9
5.98
0.41
1.82
1.86
5.16
3.75
5.38
2.12
0.93
0.76
5.38
4.87
8.33
5.27
7.12
1.66
3.3
2.43
9.43
7.92
2.61
6.25
0.8
4.92
3.38
6.86
9.02
9.66
0.83
8.81
9.71
0.57
2.11
8.91
3.5
6.17
3.26
5.32
1.33
8.66
4.63
6.63
6.53
0.65
6.37
9.2
9.69
2.35
3.86
3.52
4.69
6.9
6.76
5.96
3.01
1.67
7.48
7.4
0.13
8.21
7.38
2.78
0.74
8.92
8.46
1.95
6.49
0.92
7.31
3.21
9.47
6.73
6.91
3.51
1.04
2.67
9.06
3.65
3.24
4.38
9.91
7.99
1.75
0.5
9.97
8.4
3.36
3.23
7.61
1.66
4.91
9.78
3.45
5.13
8.39
6.85
9.21
6.39
4.92
6.87
7.2
7.81
0.21
4.33
4.38
5.57
9.55
0.31
4.74
5.89
8.85
2.26
4.55
2.57
1.71
7.37
8.18
1.84
3.1
5.43
0.31
0.45
0.6
3.09
8.41
1.76
6.58
9.93
2.16
7.6
1.52
3.27
3.4
7.7
8.58
6.76
4.39
3.91
1.78
8.74
3.28
8.93
5.27
3.56
2.69
2.48
8.47
0.8
6.96
7.83
2.19
8.96
9.32
5.12
5.82
9.2
8.97
3.76
6.91
7.27
4.35
2.89
1.36
4.42
7.62
7.74
6.16
2.56
8.68
3.16
6.73
0.68
6.84
1.58
5.0
2.2
7.7
2.92
5.79
7.88
0.76
6.3
7.82
8.14
7.15
6.49
0.27
5.13
2.22
3.34
3.59
1.22
3.09
0.74
2.61
7.89
0.09
4.85
2.58
9.53
9.67
3.54
3.95
1.62
5.47
4.02
4.11
9.42
7.21
3.37
3.98
9.82
3.54
8.41
0.13
1.84
2.04
7.28
8.16
2.94
8.29
9.31
3.14
5.53
9.77
8.8
9.31
1.02
7.15
5.23
7.75
2.89
0.86
8.9
2.68
5.62
1.16
5.26
7.64
1.44
5.84
2.49
2.41
2.33
6.47
3.28
7.62
6.94
6.38
5.43
0.26
4.3
5.6
0.97
8.15
2.36
1.92
0.7
6.45
3.93
6.52
5.67
1.84
9.54
8.85
4.54
0.92
9.44
1.45
3.2
1.54
2.09
0.09
0.96
3.81
5.52
9.94
4.09
1.85
5.88
1.83
7.65
2.88
7.34
5.16
5.85
3.55
2.51
6.86
8.71
0.46
2.25
4.21
3.72
8.8
2.19
3.12
7.2
3.35
9.5
9.22
9.85
7.76
9.59
6.65
5.83
2.8
0.71
2.85
8.63
2.77
6.9
5.19
1.86
1.81
0.63
6.95
1.45
0.54
0.85
0.75
4.99
9.55
0.51
0.77
5.36
5.19
4.59
5.45
9.14
3.06
9.13
6.11
7.91
2.14
0.7
5.36
8.11
0.46
4.05
0.64
1.53
3.28
9.55
6.49
8.06
8.06
9.73
4.19
3.82
3.38
4.13
8.88
1.18
9.66
8.43
2.9
0.75
5.85
1.56
8.15
2.38
9.3
6.67
6.74
7.36
7.02
8.09
5.31
1.0
4.2
9.68
0.54
3.39
5.99
8.79
2.07
6.71
7.47
5.96
5.29
4.48
6.86
6.26
7.67
7.6
5.28
4.1
9.58
4.2
3.87
9.77
3.6
4.39
2.73
9.46
8.26
6.08
5.44
8.01
3.64
3.92
0.13
9.07
5.95
9.82
5.13
6.08
7.93
8.71
5.45
8.2
3.46
4.42
0.82
5.6
5.22
6.59
4.53
8.58
6.05
1.86
5.76
9.63
4.08
9.63
6.61
5.43
1.2
2.5
4.53
1.28
3.05
0.9
4.26
8.42
6.06
1.81
4.84
7.12
8.55
7.53
5.69
7.14
4.34
5.72
3.72
7.08
7.74
2.06
9.44
6.54
1.07
0.92
1.59
8.17
4.16
0.15
3.35
9.16
8.24
4.25
4.01
8.47
1.76
9.82
2.21
9.06
7.19
8.63
2.23
1.03
9.49
9.87
3.51
9.43
3.86
7.11
5.21
1.32
0.52
5.28
5.98
6.81
2.44
8.04
9.79
8.62
8.08
4.76
9.11
9.23
6.29
6.39
0.35
0.91
5.19
4.5
2.91
2.32
7.1
0.62
2.86
3.12
8.17
1.65
0.27
3.82
9.07
9.63
3.29
1.96
4.63
1.93
5.49
0.58
8.19
8.12
8.31
6.98
8.78
6.68
1.01
1.64
1.34
7.63
6.3
5.12
0.54
2.37
4.22
9.65
0.23
6.66
9.19
1.91
1.73
0.95
5.53
4.92
8.66
4.52
9.21
4.04
6.65
7.9
8.93
3.93
4.86
1.06
3.99
8.8
1.34
9.39
5.12
4.68
9.18
7.9
2.26
3.97
8.3
1.33
8.53
8.6
0.46
0.65
3.7
5.26
3.88
0.96
7.06
7.98
5.36
2.11
1.9
5.56
4.87
5.81
3.05
7.08
5.72
2.52
4.26
5.13
3.75
7.92
4.36
2.59
3.88
5.55
3.09
2.2
3.79
5.8
7.92
1.05
8.89
4.78
7.83
9.05
5.43
1.17
8.8
9.04
3.26
4.65
5.85
8.01
2.78
1.64
5.84
4.64
8.54
5.44
3.53
9.45
2.0
0.7
0.93
8.98
2.6
7.43
1.7
2.04
8.9
2.38
9.92
4.98
4.3
5.1
5.2
7.51
7.77
0.62
1.5
1.85
5.02
1.02
5.61
3.49
5.52
1.04
8.39
8.51
2.26
5.48
6.72
0.85
6.26
2.15
9.61
6.01
0.24
5.68
1.89
3.39
8.98
0.61
0.95
1.73
0.45
9.11
1.23
7.93
3.79
3.35
5.1
3.41
0.74
1.56
7.98
8.79
3.74
8.07
8.37
8.09
0.38
3.81
2.47
9.15
6.53
0.24
8.7
1.0
1.11
6.75
5.52
1.43
5.46
2.29
4.36
9.5
9.34
7.37
7.06
7.7
8.08
5.57
1.09
1.25
5.15
0.06
4.41
9.84
4.08
1.78
7.22
2.99
2.79
6.92
3.88
4.04
8.1
9.55
5.98
8.34
4.89
4.65
4.17
9.82
5.55
3.43
3.21
6.99
0.07
8.67
9.69
7.42
1.35
1.86
4.12
6.42
2.28
6.88
9.52
1.22
7.57
3.84
2.68
8.15
4.45
3.46
1.66
6.99
1.17
8.76
9.77
6.35
8.04
4.53
5.9
5.57
4.2
6.76
2.06
0.78
0.83
6.38
0.43
8.81
8.49
9.4
8.39
9.13
4.66
2.53
3.97
4.76
5.43
4.11
9.28
1.67
1.15
2.25
8.13
5.65
3.02
5.28
7.7
3.82
6.87
1.97
7.27
9.14
8.35
8.71
2.61
3.97
6.0
1.77
7.44
7.93
0.05
9.31
6.46
1.74
7.2
6.63
2.16
9.35
6.82
3.67
4.07
6.54
5.25
1.05
0.88
5.02
0.17
6.82
0.08
7.5
6.7
0.29
2.71
9.06
8.09
7.63
7.79
5.84
7.71
0.04
1.8
9.68
1.85
9.78
7.96
0.61
8.13
5.43
9.02
6.9
2.28
5.19
1.89
7.26
5.54
0.57
0.65
9.04
4.51
3.0
5.85
4.12
0.96
1.31
7.51
7.82
5.19
6.65
9.75
5.86
6.53
5.15
0.73
8.38
1.85
0.13
6.64
8.08
7.85
5.77
2.72
0.11
8.94
2.27
7.81
6.46
2.8
3.57
2.89
4.06
1.87
7.18
1.71
4.77
9.31
3.17
6.66
5.85
3.42
5.05
4.69
4.43
8.21
3.46
3.36
3.24
2.5
3.16
6.86
0.39
9.88
0.01
1.77
0.56
9.57
6.94
4.25
7.63
0.99
2.2
3.33
7.31
5.44
0.13
6.43
5.58
5.69
2.2
5.27
7.68
0.49
6.9
4.22
3.98
3.37
5.67
9.96
1.02
1.31
8.13
2.42
7.98
8.23
0.24
4.61
5.08
7.95
6.87
6.52
6.97
5.73
5.33
3.04
2.9
8.73
0.76
1.08
4.11
6.49
1.23
0.73
0.71
2.27
5.11
0.92
5.89
4.09
7.74
7.23
7.01
9.22
2.05
8.43
3.5
8.23
7.18
3.05
8.97
8.38
4.65
7.58
3.66
5.01
6.74
0.53
9.89
3.9
2.42
0.9
9.12
4.41
0.17
5.4
9.12
4.81
7.83
0.89
3.46
2.99
1.23
5.84
5.37
9.56
4.36
7.64
1.6
7.17
6.24
6.0
9.32
6.23
6.04
4.16
5.22
1.48
1.75
0.04
2.08
9.91
3.78
9.73
8.17
9.44
4.92
4.2
7.46
7.51
1.04
2.82
1.94
6.42
4.02
1.4
8.87
1.91
2.53
9.85
9.82
8.64
9.54
0.88
3.01
0.62
0.74
4.16
1.94
1.68
6.41
2.72
9.94
8.83
4.5
9.67
9.42
4.77
5.75
4.96
2.16
1.86
6.36
0.69
0.69
4.6
5.5
4.39
3.28
3.02
5.85
6.56
5.63
4.35
1.34
8.07
2.39
0.96
4.48
6.29
1.01
8.03
9.6
8.58
8.11
4.38
3.31
5.69
2.37
4.58
8.01
5.74
2.5
4.18
2.48
6.86
0.29
9.77
8.83
6.56
4.77
6.8
7.44
7.71
3.42
0.34
0.25
2.65
9.37
7.12
2.41
1.17
9.13
2.8
5.38
0.15
2.86
1.4
5.29
0.38
9.17
9.84
3.42
2.31
9.34
6.87
4.39
2.66
7.04
1.06
6.34
1.94
4.95
9.09
5.63
5.24
5.91
1.97
5.9
1.2
4.47
1.64
1.06
9.18
7.85
4.76
8.36
5.95
9.82
3.59
6.62
1.7
7.17
0.91
7.31
5.25
9.88
8.92
6.03
9.03
1.45
6.15
3.51
3.63
0.61
1.96
8.3
0.04
0.33
8.26
4.88
0.61
2.99
9.94
4.48
2.19
9.22
9.76
1.88
9.66
8.33
1.46
6.95
0.61
3.53
8.46
0.01
4.28
9.36
2.72
5.19
5.31
0.6
6.12
3.5
5.17
8.65
3.06
6.31
7.98
2.11
8.46
0.64
9.57
9.72
3.17
6.28
5.5
6.72
8.16
5.08
1.05
1.3
2.41
9.04
5.17
2.29
2.54
7.15
8.19
6.56
9.44
2.22
4.17
4.41
7.86
5.33
9.62
1.16
4.75
7.46
3.64
0.11
3.27
5.04
4.61
6.45
3.45
0.66
5.27
7.83
5.66
8.44
2.91
0.55
0.69
9.54
4.2
2.01
6.09
7.36
9.05
1.5
4.93
2.09
1.91
3.77
3.8
9.43
8.38
7.53
8.8
2.26
7.52
3.95
9.17
6.66
0.03
7.45
0.38
1.42
6.68
2.94
5.16
4.81
2.99
2.12
3.75
0.51
3.23
0.95
4.45
6.58
7.83
7.42
6.07
5.52
1.93
2.59
5.65
0.62
5.17
9.15
3.87
1.91
2.02
3.88
9.56
8.16
9.2
4.05
6.29
3.03
7.33
9.44
6.27
9.29
8.79
2.61
6.47
8.58
9.1
5.14
1.07
9.99
7.95
6.24
7.0
1.33
9.27
9.8
5.46
3.98
6.82
8.16
9.49
3.85
9.93
8.33
9.74
7.88
2.6
5.05
7.9
8.29
6.1
6.92
3.39
4.95
6.47
9.67
4.94
0.94
4.1
9.18
8.23
2.48
1.43
8.27
6.85
1.75
9.93
8.86
7.26
2.22
0.73
4.25
0.07
9.58
7.41
7.12
3.94
8.12
5.5
5.3
0.21
4.16
9.28
7.41
0.05
2.07
0.96
6.21
8.57
8.77
3.69
5.13
8.7
4.49
2.25
0.32
0.11
9.15
1.95
7.75
0.68
3.05
4.4
1.07
9.11
5.36
3.59
1.13
3.89
7.57
5.14
7.95
0.13
7.13
4.7
3.8
6.85
3.68
9.72
1.69
2.23
9.13
2.48
1.09
2.96
5.98
4.48
4.44
7.22
2.83
9.4
6.93
1.75
6.0
2.25
5.84
1.35
9.29
0.34
5.79
3.18
5.45
9.02
8.93
3.88
3.09
0.36
8.23
2.52
5.16
9.63
8.59
6.22
8.01
2.25
3.96
2.72
8.98
4.15
8.4
6.85
9.93
3.71
5.24
3.51
5.71
6.8
1.72
3.04
2.87
3.9
1.03
6.78
7.11
3.09
0.39
4.78
3.57
2.99
6.1
6.47
3.37
2.82
3.52
6.1
1.62
8.24
4.47
2.81
4.84
7.97
0.81
5.16
8.11
9.74
1.37
1.68
2.5
8.98
9.43
7.47
3.14
3.06
4.92
1.03
6.13
0.94
9.96
5.07
7.85
1.78
9.65
7.33
6.61
4.73
5.6
4.67
4.15
9.92
1.66
2.79
2.65
7.36
7.67
8.98
5.96
3.06
1.53
0.06
0.72
6.68
3.1
3.01
8.3
0.66
3.18
5.49
4.94
7.76
7.75
4.83
0.85
3.88
7.87
7.22
0.71
5.85
6.37
9.34
7.6
5.58
9.19
0.13
3.17
4.72
1.62
4.77
1.65
2.62
3.74
9.11
7.03
9.25
3.07
8.06
4.51
8.29
3.36
0.4
6.72
3.5
0.58
1.9
4.73
8.78
3.75
3.63
8.04
1.85
6.94
6.11
9.74
1.96
7.87
6.53
2.59
0.18
1.54
1.83
7.63
6.52
7.27
5.71
0.07
4.5
6.0
8.15
6.96
7.81
3.34
5.21
4.29
5.19
1.73
1.89
0.76
6.52
9.06
1.08
1.13
0.97
8.88
7.26
7.05
3.02
5.89
0.54
6.99
7.12
2.97
6.67
1.74
2.49
9.84
7.47
9.83
0.47
7.6
8.15
7.93
5.84
4.31
2.87
2.81
7.72
6.91
8.99
9.75
8.48
0.92
7.45
9.01
1.82
2.4
6.78
1.05
2.58
8.67
4.46
9.8
4.45
8.18
0.26
9.05
7.82
4.48
3.6
5.18
8.42
9.34
7.79
5.06
4.16
2.18
9.99
7.48
1.79
0.17
3.67
3.0
8.72
0.69
1.11
1.05
7.47
3.89
2.69
8.14
0.51
1.8
3.46
1.52
9.41
2.6
9.82
5.23
4.17
0.61
9.2
2.83
9.06
3.21
9.29
7.19
0.3
2.95
3.75
9.19
2.38
9.83
8.21
1.04
2.02
6.77
4.37
0.7
2.3
7.0
7.91
5.54
9.66
1.05
5.24
8.36
3.83
4.1
7.09
1.92
7.0
7.8
4.66
1.48
2.69
9.23
8.94
8.61
8.92
5.76
1.95
0.75
4.25
3.08
8.84
4.79
5.73
0.55
4.86
8.2
8.35
4.44
8.35
5.99
8.15
2.59
3.62
2.68
2.86
7.76
1.08
1.74
8.6
6.24
7.58
8.51
3.95
7.99
6.97
0.19
2.55
6.48
7.74
6.87
4.25
0.28
4.85
6.84
6.26
7.66
2.47
3.5
4.8
7.78
7.44
5.47
0.64
1.92
2.88
7.11
3.03
5.54
6.06
4.44
5.89
8.06
8.03
2.91
0.87
1.11
8.36
0.58
8.53
5.76
2.44
4.66
5.72
6.65
5.07
9.09
7.44
7.03
6.74
2.26
2.25
2.68
3.29
1.43
9.52
6.21
2.39
1.53
9.03
9.52
9.46
3.13
3.68
6.59
9.75
3.16
9.82
8.5
5.47
9.98
9.49
5.39
4.61
1.1
6.86
4.13
5.5
6.24
3.63
9.83
2.46
9.89
6.56
3.42
3.73
0.8
9.83
6.25
6.7
5.07
1.52
9.77
9.45
3.16
1.51
3.27
6.75
1.1
3.62
1.87
7.38
7.19
6.68
6.19
4.41
5.42
4.57
8.17
4.22
4.88
4.56
7.11
1.93
6.5
9.4
8.25
5.39
7.03
9.16
6.38
9.17
2.06
9.39
7.45
1.66
1.83
4.12
0.97
0.38
9.6
6.86
3.61
7.11
1.14
4.66
8.38
1.09
8.45
6.75
6.49
8.9
3.8
0.75
2.01
1.69
1.34
5.32
1.93
4.21
2.97
3.04
0.54
0.5
3.6
3.25
9.67
4.25
2.46
1.5
9.59
2.38
9.84
6.83
1.62
3.03
2.76
9.51
0.76
4.85
4.66
1.96
2.05
0.68
2.6
0.19
5.74
1.79
3.27
1.41
0.12
6.42
5.95
5.42
3.03
5.56
7.09
6.03
6.27
5.7
6.08
7.76
7.67
5.82
0.3
5.25
9.81
5.11
9.53
4.5
4.19
6.61
6.91
0.17
4.34
0.1
9.07
7.92
4.74
3.84
1.69
8.22
6.43
6.91
6.45
1.42
1.99
8.86
8.33
2.95
2.43
2.53
9.25
1.69
0.65
7.55
5.26
9.3
1.18
6.93
7.13
4.16
5.92
4.14
1.41
0.0
2.57
0.46
0.06
2.16
4.47
9.84
3.24
7.09
7.66
6.78
8.61
0.74
6.39
9.27
4.74
2.04
1.67
3.21
6.59
9.17
6.6
8.3
9.99
8.68
2.37
0.12
5.87
2.19
2.9
1.39
5.42
0.48
6.26
5.63
7.4
0.07
5.26
9.98
8.72
3.61
4.46
3.44
9.37
5.82
4.77
4.19
7.09
7.43
5.4
1.99
4.8
6.0
5.88
7.69
8.97
7.47
4.94
2.49
5.24
2.51
8.41
2.15
3.22
4.99
4.17
0.33
1.01
9.6
7.89
4.37
7.76
1.65
9.33
0.64
0.47
5.47
8.05
0.73
3.47
0.17
1.71
9.91
1.23
7.46
8.53
9.79
5.39
4.95
1.27
2.26
5.96
3.63
6.1
1.69
8.58
2.55
3.46
5.0
0.69
0.82
3.62
4.99
0.88
5.05
8.63
5.57
9.7
4.79
0.29
0.79
5.15
7.4
6.17
3.37
7.3
0.7
3.33
6.57
5.51
2.56
7.33
7.28
3.13
6.44
6.27
4.15
6.89
8.88
0.41
0.31
8.41
8.03
5.09
3.61
7.82
0.84
9.86
8.85
1.14
7.6
9.76
6.42
4.83
9.71
8.63
3.05
2.62
1.55
5.99
0.8
8.45
3.13
0.72
0.63
7.6
3.36
6.04
4.26
5.51
5.74
0.67
2.67
4.13
4.31
6.0
5.45
4.18
3.66
5.02
7.83
0.02
7.89
5.73
7.22
8.67
1.52
3.47
6.95
4.93
2.61
9.82
0.94
7.17
7.8
9.63
1.9
1.32
3.25
8.62
4.62
9.32
7.64
6.18
4.62
0.07
2.28
7.6
4.05
3.08
8.09
9.8
8.73
0.38
2.94
2.37
0.71
2.95
9.07
3.54
0.35
7.5
7.17
6.4
0.42
7.17
3.41
7.28
9.09
1.32
1.72
0.59
1.21
2.54
5.5
0.03
1.68
5.62
5.02
5.41
1.13
1.06
5.92
3.4
9.02
7.54
9.75
1.98
0.36
2.63
4.73
1.16
5.4
6.99
8.11
8.93
9.01
4.93
0.82
5.57
2.75
3.92
7.32
1.25
7.48
6.58
1.12
6.73
8.66
1.61
6.27
7.09
1.79
4.83
1.52
9.61
2.88
4.71
0.04
0.06
0.03
0.4
3.42
4.86
3.85
9.98
4.19
3.16
6.58
8.26
2.46
5.87
6.8
4.74
7.4
7.16
7.97
7.96
4.1
0.34
3.87
1.77
7.33
6.3
8.83
1.07
4.45
3.88
2.89
6.67
3.97
0.43
8.77
3.22
7.14
1.33
9.86
8.62
6.7
8.17
4.65
8.76
2.25
0.77
9.54
9.15
4.72
2.35
7.22
4.24
3.38
1.49
9.26
9.98
0.01
3.83
1.19
6.28
6.39
0.64
0.23
8.23
6.22
2.05
3.91
5.98
0.47
3.68
9.43
3.72
0.02
3.56
5.5
9.28
7.51
9.75
0.32
8.69
9.96
9.7
7.16
9.83
7.63
7.64
5.92
5.2
9.65
0.43
1.95
8.07
3.95
3.98
9.11
0.81
8.52
7.0
9.62
8.91
3.39
9.02
6.45
8.38
1.94
1.47
0.55
1.16
7.58
9.62
7.72
7.83
3.39
9.55
6.29
1.21
2.77
1.12
1.84
1.54
5.16
9.37
2.84
7.49
1.08
6.54
5.71
3.09
8.43
2.38
6.61
4.71
3.2
5.25
9.08
3.31
0.2
0.58
7.66
5.58
0.95
9.51
9.8
6.79
7.16
4.4
2.9
1.54
2.28
2.71
9.72
7.05
7.54
8.07
0.45
1.7
3.81
7.14
4.99
3.31
4.39
7.84
1.42
4.89
9.95
1.71
3.68
7.31
8.42
2.16
3.4
0.22
6.65
3.55
9.22
4.95
0.74
9.49
4.61
5.74
8.71
3.89
6.22
9.35
3.9
8.51
2.51
5.37
9.61
0.11
3.11
2.8
9.0
7.96
2.5
8.23
4.25
0.4
9.62
8.19
7.87
2.56
6.78
4.59
7.75
2.83
3.86
4.3
2.67
0.22
7.48
7.51
4.94
1.63
4.39
8.0
2.87
3.35
7.59
3.09
7.64
0.87
2.26
5.98
8.16
5.16
3.53
3.63
5.64
8.6
3.01
9.81
0.18
5.88
0.72
8.32
6.37
7.49
1.2
6.18
6.86
0.89
0.8
7.22
5.68
3.83
1.47
9.44
6.42
5.62
2.39
3.83
6.66
6.16
9.91
5.91
8.4
8.51
9.51
7.01
4.21
1.31
9.99
0.51
0.14
0.72
3.74
9.67
4.71
1.25
3.24
6.47
2.39
0.75
2.19
4.25
4.22
0.13
5.61
2.12
1.0
8.54
5.86
5.29
5.49
8.79
8.15
1.65
7.81
6.1
3.52
3.88
0.99
0.92
2.59
8.52
4.79
3.8
7.81
9.6
8.13
4.06
1.39
1.31
6.2
2.52
8.32
2.94
8.05
2.57
3.2
3.64
5.52
6.95
5.13
8.53
0.67
8.17
0.62
3.44
1.53
8.31
4.35
0.42
5.87
4.39
5.58
4.13
9.68
1.99
0.39
9.72
9.78
4.75
1.33
2.46
9.75
6.09
6.05
6.93
0.53
0.3
4.35
7.44
2.89
6.67
5.93
2.24
8.23
3.55
1.7
4.07
2.34
0.3
7.11
9.52
9.07
8.74
7.76
0.74
3.6
8.91
6.86
7.91
2.55
0.49
9.34
4.06
3.91
6.87
3.66
6.52
9.15
8.56
4.71
3.04
8.12
2.64
5.77
7.99
3.5
3.51
9.93
7.13
6.51
5.84
9.07
3.81
6.87
7.47
7.31
3.16
4.58
9.36
8.7
1.97
7.4
9.03
3.86
4.5
8.02
3.51
4.37
6.28
1.98
8.31
3.28
2.66
6.19
9.81
10.0
1.77
5.95
6.38
6.46
0.73
1.19
9.74
1.75
5.77
7.46
4.19
9.4
5.92
6.08
5.73
2.25
1.55
5.47
2.7
0.68
3.2
4.59
9.82
3.9
5.61
2.18
5.92
2.03
1.06
4.41
6.18
3.09
2.26
4.11
8.98
8.58
8.32
4.73
3.81
3.54
0.18
2.31
3.87
2.5
7.34
3.66
7.82
8.27
7.86
2.71
3.66
3.59
4.39
6.5
4.22
0.35
5.04
7.77
5.6
3.93
9.22
7.84
5.33
2.79
8.51
1.26
4.16
0.84
1.25
3.45
6.92
6.02
0.46
4.1
8.11
1.63
9.61
2.69
9.9
0.59
1.33
8.53
6.13
2.49
8.52
1.91
7.32
8.04
4.09
0.2
0.95
5.48
9.08
0.6
6.05
7.16
4.29
9.93
3.29
5.35
9.89
4.03
4.36
2.9
1.83
1.41
7.5
7.39
7.6
5.16
7.16
3.73
0.14
1.43
8.09
9.88
3.08
7.98
9.93
2.92
5.71
7.35
2.08
0.5
0.37
3.1
2.99
8.45
2.43
0.85
0.35
4.17
2.99
8.79
5.52
6.71
5.35
0.53
4.33
9.76
1.41
0.21
0.65
8.46
5.17
3.97
9.11
5.69
1.33
5.67
2.13
0.39
5.89
3.43
1.07
1.53
3.78
8.71
0.27
2.17
5.3
9.14
6.54
2.1
0.52
4.6
8.86
1.57
2.33
6.81
1.55
3.29
4.65
0.34
4.37
0.99
4.82
0.11
8.66
8.22
4.03
0.7
6.16
8.23
5.38
6.51
9.92
1.04
5.82
3.03
3.31
6.55
4.03
8.7
4.68
5.95
2.68
7.24
3.33
6.76
0.27
0.21
2.6
7.56
6.9
2.91
6.14
3.92
0.04
9.75
0.67
6.12
0.56
6.5
4.05
5.09
0.91
4.9
1.7
8.58
5.02
5.38
9.82
9.39
4.43
0.98
4.82
7.74
2.63
4.42
1.95
9.69
0.25
6.27
8.73
1.69
3.05
9.04
7.39
1.71
2.47
2.36
1.08
1.74
7.72
8.21
9.6
6.78
5.91
0.87
7.03
9.61
4.13
6.9
6.45
9.13
3.53
0.37
7.81
0.81
0.09
7.53
7.32
9.68
0.82
0.02
3.56
3.2
5.84
4.33
2.87
2.93
2.7
1.92
2.58
2.51
4.56
2.34
7.61
0.03
9.12
7.59
8.68
3.76
8.11
3.94
3.63
3.47
7.76
8.03
9.17
1.18
0.36
1.93
8.43
1.14
3.03
6.55
2.42
0.33
5.36
5.13
6.67
5.15
2.68
0.57
0.58
5.47
7.43
2.52
7.57
0.78
8.35
0.26
6.1
4.78
2.58
6.44
1.38
9.36
0.09
4.31
6.66
1.92
4.18
1.32
8.98
3.84
7.69
3.72
4.39
8.94
4.55
9.0
6.62
2.94
8.12
6.39
3.2
0.8
0.76
9.38
3.54
0.46
3.93
6.41
6.26
4.13
6.84
7.32
9.27
2.02
4.84
2.45
6.01
1.55
2.34
2.72
4.08
8.29
6.73
5.32
3.54
5.82
5.12
7.29
5.99
3.32
1.28
5.34
2.39
4.6
0.25
6.97
4.26
0.29
8.11
2.4
6.82
4.73
4.03
5.22
9.3
7.04
6.1
6.23
5.47
9.38
9.27
8.47
0.3
7.58
3.86
0.15
1.91
1.99
6.63
0.61
2.44
8.26
8.16
4.56
3.3
7.55
1.5
8.89
0.81
5.25
7.04
5.17
9.01
2.02
9.68
6.21
6.82
4.14
0.03
5.71
9.56
0.16
0.26
2.36
5.46
7.96
8.96
3.33
0.68
6.27
1.38
2.23
3.84
0.02
6.65
6.34
5.61
2.86
2.91
3.29
5.71
6.82
2.28
4.64
1.17
9.64
5.49
7.7
4.54
3.44
9.88
9.33
4.4
2.86
4.85
5.95
6.95
2.59
1.07
3.72
4.67
3.68
3.49
2.74
3.41
2.41
7.32
4.72
3.43
6.16
8.11
0.2
9.81
0.83
3.76
5.02
8.37
0.77
1.47
4.86
2.01
5.65
4.64
3.95
0.4
8.53
5.8
6.7
0.96
3.78
3.54
6.71
9.27
7.71
4.77
0.47
0.7
1.9
2.31
0.54
2.69
8.09
2.97
1.09
6.68
9.79
4.2
2.15
3.15
8.74
0.2
4.94
2.16
4.23
5.58
4.0
6.37
9.97
9.25
5.17
0.51
2.87
0.11
6.07
1.62
1.32
0.8
2.94
0.44
5.09
0.51
6.48
2.98
7.47
5.72
8.73
1.9
9.38
6.87
4.93
8.95
3.24
4.35
3.53
4.28
7.22
7.5
1.58
9.38
9.61
9.78
2.97
1.4
3.4
3.57
4.19
7.98
2.57
6.04
7.94
5.37
1.8
4.03
7.94
4.66
8.66
1.95
1.11
1.57
1.8
5.07
7.53
2.94
7.08
7.4
4.5
7.16
2.06
4.48
5.37
7.78
3.75
9.29
6.59
6.23
1.36
5.15
4.02
0.48
5.33
3.36
7.36
9.31
7.36
2.95
9.91
3.75
8.55
8.45
9.4
7.46
9.65
8.6
8.44
7.0
7.7
9.47
1.12
7.95
9.4
5.62
3.74
0.68
0.28
1.14
6.7
3.51
9.78
7.73
8.09
3.03
5.49
3.71
2.98
4.73
6.58
2.57
7.66
1.22
7.68
9.33
2.79
9.71
8.77
7.78
3.77
2.03
0.66
2.1
4.14
8.82
5.75
7.3
5.85
4.85
3.21
4.18
2.22
6.96
0.64
9.43
0.9
7.93
4.25
2.81
9.95
9.88
9.33
2.39
6.13
0.62
2.39
0.19
9.97
2.94
2.74
9.07
8.08
6.16
3.1
0.9
7.3
3.52
0.13
9.64
2.03
9.89
9.21
7.73
9.04
8.03
1.94
1.83
0.4
3.0
5.14
5.52
8.03
5.76
8.23
6.43
2.38
2.44
0.04
6.64
1.75
5.92
7.44
5.08
1.95
3.05
7.93
8.57
3.84
0.42
2.55
7.88
6.17
1.93
0.58
8.69
6.58
6.31
3.61
5.83
8.48
4.58
3.56
4.49
8.54
3.68
7.75
8.37
0.32
7.7
9.26
2.36
6.92
5.76
0.8
1.04
9.07
3.73
9.14
2.63
7.35
9.25
5.55
4.7
1.05
0.01
4.31
4.33
7.37
0.7
3.97
1.75
1.11
4.46
7.22
6.14
0.49
7.27
9.5
3.13
5.44
0.22
9.89
2.66
9.15
2.81
9.21
5.71
7.2
4.64
2.27
8.53
5.13
4.2
6.11
3.35
2.03
4.47
3.17
6.76
3.4
9.39
0.18
3.71
9.72
6.56
9.24
9.86
1.82
2.13
9.28
3.65
6.05
0.76
7.88
8.94
7.94
0.47
9.06
4.09
0.84
7.57
7.41
0.57
3.82
5.96
9.45
6.42
8.96
8.49
9.98
0.58
0.41
2.87
0.67
5.86
9.06
0.55
7.06
9.58
5.67
6.4
2.24
6.62
7.61
0.66
3.53
4.25
6.25
8.52
7.42
2.26
7.11
6.45
6.62
3.0
6.81
8.57
0.88
5.12
9.54
8.1
7.26
4.31
0.67
5.64
6.12
1.04
8.84
0.47
7.13
3.74
6.23
8.86
2.29
5.62
3.08
4.83
3.64
7.59
8.72
5.03
1.89
4.91
8.13
1.59
3.62
5.16
2.08
8.56
1.01
9.38
0.66
2.92
4.41
2.75
8.23
4.04
0.7
9.09
2.18
7.43
5.79
7.29
4.35
8.06
0.51
4.05
4.4
0.6
9.58
2.47
1.24
5.07
7.11
4.2
5.89
3.54
9.3
6.98
7.66
9.28
7.44
1.9
6.77
2.8
2.82
6.55
1.1
5.41
1.47
8.77
0.41
1.23
5.17
5.2
9.84
6.01
8.32
7.38
9.67
3.72
8.6
8.55
4.41
0.9
4.24
0.62
9.96
4.2
2.14
1.42
8.79
4.34
8.32
0.13
3.19
1.3
8.5
7.02
5.3
2.45
8.45
6.63
1.08
2.85
1.06
7.64
3.97
7.26
9.85
3.48
5.59
6.53
4.03
4.93
7.58
6.68
9.24
6.8
0.01
6.84
4.73
3.56
6.27
7.23
9.51
8.57
8.61
8.95
8.41
0.05
7.48
5.02
4.37
8.41
6.99
8.07
6.2
0.86
7.12
6.51
5.32
4.59
8.21
2.3
7.65
3.89
8.24
4.93
0.81
0.64
2.65
5.74
1.17
9.51
8.49
5.13
9.34
9.93
8.02
9.47
4.38
3.55
1.77
0.31
2.74
9.22
2.88
9.89
9.48
0.42
4.54
9.54
2.08
1.33
5.7
9.43
3.96
2.39
1.12
1.76
3.6
3.63
0.65
8.55
2.22
3.27
1.25
4.54
8.32
2.79
0.51
4.34
0.66
2.52
0.96
4.18
3.26
1.84
0.71
5.49
3.99
8.79
2.69
4.98
5.33
3.78
0.31
8.25
6.23
8.99
9.12
2.58
7.94
1.91
3.88
3.83
5.11
4.12
0.43
8.17
4.84
3.15
6.27
2.13
2.63
7.87
9.6
1.88
6.41
8.51
9.81
0.32
6.56
2.17
0.55
0.89
1.48
7.14
1.77
5.08
4.72
2.79
6.0
9.19
6.21
9.56
0.69
7.15
8.25
1.13
2.5
6.74
1.13
2.3
7.65
8.68
9.05
1.65
1.14
7.24
8.98
8.5
6.6
6.54
5.07
3.08
4.79
5.52
4.26
0.13
1.3
3.63
9.59
5.42
1.74
3.44
9.06
1.84
7.55
7.54
1.22
2.6
6.21
2.36
1.22
4.65
6.64
4.68
7.53
7.12
2.17
5.63
6.89
9.79
0.38
5.79
6.17
8.81
0.69
7.19
5.09
0.99
3.54
3.93
2.82
3.76
8.64
1.86
7.97
4.03
2.02
2.69
5.11
4.51
7.19
9.51
2.48
6.15
3.74
5.25
6.64
2.9
2.27
6.34
2.03
9.03
1.13
0.39
2.32
7.5
7.17
3.48
8.62
8.98
6.69
7.96
7.89
4.69
3.71
3.01
4.04
9.83
6.41
4.29
8.78
3.56
7.83
7.54
0.08
8.72
9.48
9.22
1.35
6.06
8.55
1.23
9.2
8.64
1.54
1.72
4.97
4.36
8.76
5.33
5.13
9.35
4.81
9.09
7.73
7.25
8.94
5.81
4.14
5.7
4.53
9.06
3.52
5.82
3.8
3.47
9.57
1.05
9.77
2.86
3.42
5.14
2.64
2.91
0.95
6.35
4.24
9.27
5.62
7.99
8.69
7.96
7.23
4.07
0.96
9.72
9.29
7.92
3.71
0.04
1.67
1.43
5.72
0.7
0.71
5.29
0.89
9.44
3.82
3.45
8.26
5.14
9.08
7.37
8.68
4.23
2.35
3.63
7.09
6.85
5.42
2.84
1.18
4.24
0.73
3.7
6.98
8.26
9.84
10.0
0.8
7.9
2.54
3.71
7.25
8.26
4.15
2.25
0.05
6.65
4.29
4.03
0.77
3.99
2.26
5.74
5.76
9.47
5.74
8.96
3.05
3.0
4.71
4.06
6.55
0.42
8.68
2.67
1.27
5.64
1.76
0.62
2.49
3.08
8.51
1.2
8.43
8.94
3.75
1.28
2.39
8.05
3.72
2.11
1.9
6.37
9.36
9.6
3.9
3.24
9.41
7.16
4.96
6.03
4.12
6.2
8.08
5.5
6.48
0.94
2.34
7.2
6.1
1.61
2.6
6.35
4.09
4.73
4.01
9.73
0.59
1.75
1.37
0.42
5.65
0.05
0.47
9.19
1.92
8.68
2.98
8.46
7.95
7.22
9.41
2.1
0.31
6.2
3.51
3.66
4.63
2.34
4.98
1.99
9.08
1.76
1.92
0.41
1.0
7.29
3.6
4.99
8.97
5.58
6.49
5.19
5.78
6.41
0.17
8.33
7.53
3.16
6.54
3.11
2.18
5.12
4.57
1.51
6.04
8.4
1.21
6.36
4.96
8.36
3.44
2.53
4.87
2.42
7.04
3.39
5.78
0.36
2.35
7.56
5.51
7.16
9.43
6.78
9.08
8.73
0.49
6.73
4.2
5.48
4.34
6.22
5.51
9.17
7.04
3.35
5.4
4.87
4.34
5.78
9.18
2.62
5.88
2.46
7.15
7.56
2.23
9.9
0.77
5.84
7.98
5.43
5.67
5.01
8.43
8.39
5.16
9.73
9.55
1.94
4.54
6.35
9.88
6.91
6.69
9.5
5.05
7.55
4.34
4.49
4.22
9.04
2.32
8.68
2.84
9.61
0.44
8.97
8.05
1.31
0.19
3.91
7.25
3.77
5.86
8.99
7.25
8.08
5.64
4.34
3.74
1.01
2.28
7.52
9.74
7.94
0.01
5.99
8.18
9.26
0.48
2.18
5.18
0.88
8.77
8.9
2.41
1.94
9.99
5.12
1.0
3.89
6.84
2.82
7.53
1.91
8.52
7.9
9.99
1.93
1.5
7.84
7.32
9.82
8.59
0.62
6.16
9.46
9.03
8.75
6.91
9.52
6.85
0.94
0.23
4.8
4.45
5.89
8.06
0.86
4.09
5.27
8.91
6.49
1.56
6.18
6.05
7.81
8.99
8.22
9.99
5.81
5.45
4.66
4.06
6.45
2.87
3.74
8.88
1.42
8.9
4.3
2.58
8.33
6.14
5.85
8.45
9.03
1.38
3.6
1.15
1.16
3.11
3.45
4.49
5.67
2.66
4.58
2.22
5.17
8.11
2.62
4.63
1.81
6.87
9.48
3.65
8.46
2.46
1.73
8.3
0.68
4.43
3.54
1.6
4.08
2.37
9.93
3.24
8.25
2.51
7.48
3.89
6.58
5.82
6.66
0.67
5.63
2.62
0.68
8.18
0.62
8.28
0.67
7.55
4.35
6.4
5.65
5.18
3.08
8.95
3.82
4.81
5.83
0.47
0.94
6.89
5.35
0.44
2.72
3.82
9.46
4.51
8.0
3.25
0.95
4.82
7.95
2.58
4.81
1.75
7.37
2.47
2.86
1.01
9.82
4.11
5.49
3.74
6.16
4.85
8.86
8.87
8.67
0.96
9.1
3.45
8.89
7.03
4.87
6.31
1.24
0.05
2.65
4.13
1.77
3.8
3.29
2.77
2.92
5.78
0.41
6.92
2.49
3.55
3.31
1.17
9.75
4.63
3.12
9.21
6.88
7.93
4.03
7.32
5.1
0.31
7.93
3.62
3.87
6.99
4.79
6.49
0.26
9.94
5.92
2.45
8.38
6.79
7.08
7.02
9.26
1.07
0.23
8.94
0.25
2.97
1.45
6.05
9.0
4.33
8.64
5.36
7.88
1.12
7.87
1.49
1.04
9.65
5.39
5.93
6.27
6.69
2.65
2.04
6.66
7.46
1.36
6.05
8.17
8.8
3.72
8.4
1.09
7.02
9.7
3.45
4.9
0.43
7.97
3.36
6.08
9.1
5.96
6.99
7.95
0.23
2.17
7.12
9.41
3.0
3.68
1.72
0.03
2.75
8.73
5.46
3.99
1.78
1.0
1.16
2.47
0.5
6.21
2.02
6.65
4.13
6.37
7.04
3.73
3.54
7.21
0.13
6.26
5.93
1.48
1.99
3.44
1.92
7.0
1.12
1.05
8.45
9.85
2.07
0.5
2.71
0.27
0.54
3.18
6.87
3.25
5.0
2.26
5.55
9.67
7.41
4.07
8.76
9.92
9.86
4.73
4.34
8.07
7.71
2.4
4.13
1.66
2.19
9.25
7.69
0.7
5.49
6.37
0.25
3.64
5.64
4.56
1.16
6.32
7.86
7.59
4.08
2.83
7.83
0.47
0.9
1.73
6.59
2.94
9.15
8.38
4.16
9.74
0.85
0.53
4.26
1.38
7.44
0.78
8.03
8.59
0.99
1.63
6.2
7.71
1.67
0.46
1.5
9.59
1.9
6.22
7.22
5.09
0.1
8.06
6.72
9.64
7.31
2.06
0.45
4.48
0.32
9.37
6.68
5.1
2.69
3.8
1.71
9.48
7.97
2.83
3.66
7.9
6.11
8.89
7.43
7.96
0.48
1.11
1.49
5.06
7.97
8.15
3.6
4.21
0.82
9.13
7.6
3.13
0.02
4.0
4.71
7.83
5.41
0.22
3.91
3.18
5.19
9.09
4.92
3.91
7.23
7.67
4.31
1.29
6.72
9.86
2.11
3.41
8.64
1.18
4.39
9.57
6.95
4.58
8.17
6.74
2.18
1.76
7.75
3.72
8.28
1.33
3.36
7.91
8.61
9.25
5.12
3.08
5.45
6.95
8.67
1.23
6.77
8.75
3.14
5.82
3.18
6.64
6.37
0.79
7.95
4.71
9.42
5.46
2.46
9.67
0.41
2.4
5.27
8.52
4.74
0.96
1.65
1.89
7.95
8.79
1.53
1.18
9.23
2.04
9.85
9.04
8.65
4.21
4.81
9.41
0.2
5.66
1.94
3.4
2.15
9.36
3.69
7.36
7.95
1.68
5.72
1.31
3.65
2.36
6.11
3.78
5.43
6.65
0.1
0.91
4.44
1.41
4.56
5.21
2.17
7.12
0.57
3.1
6.61
6.91
4.71
1.7
6.45
0.72
2.6
1.75
7.94
2.14
6.43
2.44
2.68
7.31
2.73
5.47
4.35
5.03
0.76
9.47
4.2
1.43
2.73
2.72
8.89
2.97
4.9
4.09
5.55
2.14
4.64
8.92
8.08
4.42
6.0
3.26
3.51
1.83
8.32
1.23
4.37
7.9
6.95
3.62
0.48
8.53
5.44
3.38
0.85
3.47
5.15
8.26
2.39
5.65
9.24
6.94
5.2
6.48
3.86
6.15
9.36
1.95
6.16
3.46
4.79
3.17
4.58
9.8
6.62
5.93
9.73
3.12
7.22
8.73
2.11
0.43
5.12
3.12
2.63
8.02
4.8
9.83
0.08
7.44
2.92
0.17
7.95
3.88
6.43
8.77
9.39
5.78
5.95
1.3
2.85
4.24
2.79
8.02
3.89
9.91
3.63
8.6
7.39
5.22
7.8
5.99
4.72
7.04
2.0
7.51
6.54
0.63
6.82
6.8
4.88
5.14
1.99
7.17
5.56
5.78
1.19
8.64
3.44
7.57
1.68
0.48
1.04
9.22
8.93
5.84
7.69
8.5
8.12
3.97
1.24
3.25
1.62
2.09
6.17
0.08
6.27
1.95
1.33
5.85
8.84
7.38
5.67
3.0
5.81
4.6
1.83
9.51
6.64
5.76
2.25
8.33
6.71
7.48
0.77
5.81
1.78
6.15
9.14
5.63
9.77
5.03
8.56
2.9
8.66
5.15
5.88
4.05
7.66
5.58
0.68
6.28
2.93
0.8
6.38
1.34
5.17
1.72
1.45
1.92
6.44
3.08
4.65
5.36
0.65
0.83
9.42
4.34
9.44
5.74
8.65
1.63
1.72
1.48
5.22
9.84
4.91
5.5
9.08
1.09
7.26
4.82
6.76
1.36
0.45
5.11
2.65
2.96
6.87
3.26
4.86
4.98
6.37
5.68
1.61
2.85
7.52
9.92
4.76
7.48
5.23
3.14
9.43
4.26
0.63
4.72
3.21
8.01
2.43
9.02
6.01
4.77
0.17
2.17
0.97
4.14
1.61
3.27
3.33
0.82
5.84
9.49
5.75
5.99
0.56
5.37
3.33
9.53
3.87
9.77
0.02
9.48
4.78
4.86
0.12
9.96
0.63
1.81
7.67
7.32
8.34
6.21
2.22
0.61
7.26
8.8
7.37
8.22
5.59
5.98
9.04
2.7
1.23
4.5
1.25
8.72
2.62
9.57
9.37
8.27
7.91
3.28
0.75
2.53
5.44
6.02
9.18
9.95
8.18
3.79
1.08
0.87
7.69
0.3
8.24
8.46
2.71
6.88
9.35
9.62
7.89
2.08
5.31
9.13
5.63
3.67
6.47
1.43
5.83
1.89
8.85
6.83
1.15
4.04
2.52
8.76
2.97
2.25
1.0
3.02
8.27
1.64
2.5
8.12
4.73
1.5
5.95
0.24
2.49
7.24
5.54
5.4
1.58
4.55
7.33
9.42
0.04
6.71
3.76
6.48
8.05
7.99
0.77
8.53
4.7
0.34
3.38
5.83
6.62
1.11
0.11
9.33
8.54
2.22
1.4
0.85
7.26
5.39
8.29
2.55
6.76
1.92
2.9
9.36
3.85
6.68
5.75
4.66
2.25
0.25
2.64
3.79
5.08
5.14
1.61
3.22
3.8
2.62
9.04
5.98
5.73
4.0
7.19
0.28
5.67
5.12
4.82
6.14
9.59
8.58
5.53
4.93
2.99
1.64
9.65
2.69
8.07
9.17
8.3
1.34
3.2
3.06
5.39
7.71
9.64
6.08
7.28
2.78
9.98
1.34
8.47
8.37
8.41
3.83
5.74
6.36
9.91
4.02
8.37
4.48
5.57
6.15
8.89
3.6
9.61
6.71
2.68
1.19
0.17
1.02
9.64
9.71
6.7
0.31
3.91
9.06
9.08
6.55
6.96
4.51
7.55
5.91
4.47
2.66
1.13
8.16
3.85
7.85
1.79
8.12
9.12
2.38
7.36
8.83
8.1
3.41
6.71
2.31
8.6
1.92
0.14
3.77
1.31
1.43
7.98
9.69
9.25
2.44
0.93
0.36
3.81
0.25
3.19
6.85
9.22
7.47
0.69
0.71
3.68
4.92
4.46
3.33
8.29
3.02
2.28
6.93
3.26
8.68
2.88
4.19
7.33
3.49
8.09
3.61
7.18
9.25
2.36
6.99
9.75
1.41
2.83
2.99
8.11
4.26
1.79
0.94
9.2
2.09
7.8
6.27
9.36
1.32
5.57
0.95
3.46
3.44
5.09
8.53
1.78
6.01
6.55
4.1
2.48
0.69
0.77
7.57
4.11
5.87
9.45
9.65
0.67
6.69
2.71
4.94
1.31
2.63
2.78
8.97
6.34
4.42
2.27
5.25
7.25
3.41
3.36
5.69
9.04
6.31
7.9
7.17
4.18
0.1
8.15
1.2
9.91
2.12
6.27
6.57
3.71
5.94
5.53
4.46
8.36
7.71
2.48
4.53
0.76
6.44
2.46
3.85
1.94
2.28
7.87
8.34
8.51
0.96
2.98
0.4
0.09
8.95
1.53
6.94
6.44
9.16
4.71
6.87
7.43
3.74
3.79
1.2
3.79
3.35
6.21
2.72
8.61
4.9
5.33
5.62
3.73
5.87
5.12
8.0
2.07
3.56
8.99
0.34
2.07
4.85
7.22
3.03
6.71
5.99
5.48
0.39
7.14
5.65
5.52
7.64
8.36
5.68
5.94
2.58
9.12
2.1
6.67
3.51
6.74
3.62
8.42
4.15
2.12
6.41
3.17
1.43
7.2
6.82
7.01
3.39
4.69
5.69
8.27
6.9
5.99
0.07
2.35
8.71
8.25
7.35
0.57
5.24
6.62
2.12
0.41
7.99
9.29
9.01
4.13
6.62
9.07
6.48
1.6
8.62
5.48
1.81
6.52
6.53
8.81
2.51
0.63
4.67
2.95
8.05
1.04
7.28
9.91
9.79
9.17
8.03
6.39
3.6
9.55
6.95
1.81
5.46
2.36
6.94
3.14
1.48
6.33
8.48
0.68
2.91
1.39
0.36
2.65
2.1
5.42
8.23
9.9
2.82
3.08
0.49
8.6
1.41
2.82
9.28
8.87
0.34
7.23
8.88
2.22
2.81
5.89
3.76
1.7
9.5
3.01
5.94
5.09
7.33
7.05
0.75
2.21
0.8
3.16
5.21
5.23
4.03
8.94
6.41
2.09
2.41
4.43
3.79
9.25
7.54
3.92
6.62
6.46
0.52
0.3
7.34
2.43
0.94
3.31
5.47
4.47
9.07
7.19
8.72
5.85
9.95
9.71
6.46
5.27
1.31
4.67
7.67
1.26
4.55
2.04
0.07
9.61
9.44
7.25
0.96
1.81
7.12
0.97
2.84
7.53
7.94
6.44
9.56
7.34
2.27
4.6
8.42
2.02
1.79
1.23
2.86
0.67
3.23
3.86
6.28
7.58
5.76
3.28
9.03
4.18
1.16
3.5
3.96
6.59
5.87
0.95
5.49
9.29
2.26
6.48
1.07
7.15
1.39
0.98
2.03
3.7
5.99
8.45
9.51
5.73
0.89
2.41
3.18
9.58
4.57
6.28
0.35
6.02
5.5
3.31
8.06
7.89
7.07
6.79
9.44
2.56
5.07
4.71
2.95
8.05
1.77
8.71
0.29
7.46
4.66
4.49
0.64
3.35
4.46
3.19
8.32
7.59
6.81
4.7
6.07
8.2
8.61
4.63
8.58
3.93
2.75
8.84
8.77
5.7
3.64
5.64
4.71
6.12
2.63
6.83
2.16
5.42
8.21
8.17
3.49
3.0
8.3
8.46
3.97
5.44
6.8
2.37
6.74
6.46
7.41
4.68
3.28
0.96
6.34
1.07
1.62
5.98
1.69
9.04
5.1
1.15
7.75
3.4
8.03
4.37
3.25
9.74
3.21
1.22
4.24
9.88
8.14
1.15
0.77
5.08
5.59
0.11
7.24
3.64
9.55
7.87
0.88
0.69
0.06
0.86
3.18
1.38
2.8
6.49
6.77
7.98
9.71
9.91
6.98
1.89
1.97
0.07
9.36
1.71
0.89
7.44
3.71
3.01
5.72
9.55
6.12
6.35
1.51
5.01
8.29
4.2
0.79
0.26
9.4
9.24
1.17
8.71
2.1
7.03
2.03
9.38
3.0
7.33
9.03
4.51
9.88
5.04
7.85
7.13
9.2
0.15
7.62
7.86
2.93
6.18
6.13
9.94
6.79
3.9
3.08
8.35
1.3
5.7
5.63
1.03
5.79
7.44
9.63
8.32
4.13
4.6
2.51
8.98
6.47
5.88
0.4
0.8
6.41
7.69
8.41
1.12
3.06
1.62
7.48
3.42
8.03
8.67
8.23
8.43
6.32
6.59
5.06
3.61
6.66
7.63
1.9
4.56
2.16
8.99
6.89
9.61
5.52
2.49
5.58
6.24
0.44
9.82
1.04
1.91
4.06
4.05
0.49
8.89
9.08
9.32
0.95
7.5
3.07
9.5
1.08
9.32
3.68
7.6
6.52
2.0
3.84
4.29
8.12
1.6
6.96
8.36
2.46
0.51
8.44
4.47
9.46
8.94
7.06
0.03
7.66
7.1
0.06
7.72
6.89
4.38
2.42
0.04
2.95
2.15
9.7
3.68
6.22
2.44
1.65
8.09
1.1
8.12
3.98
2.08
1.6
4.28
5.11
4.93
1.54
1.26
5.03
0.34
1.27
7.99
8.2
8.6
2.73
3.54
7.88
7.9
5.79
5.35
3.6
8.06
5.35
3.12
1.74
8.27
8.05
1.06
0.46
4.34
0.52
8.39
3.07
0.73
8.47
4.56
2.78
5.4
7.69
2.85
4.89
7.45
6.59
9.51
0.3
8.88
5.35
0.76
7.47
4.35
2.01
2.26
1.3
7.69
4.95
3.85
3.48
2.35
7.52
4.14
7.01
0.68
1.64
2.68
5.37
9.35
7.07
9.47
6.43
3.16
0.58
4.83
4.2
2.69
6.27
4.43
7.86
3.8
9.77
9.02
2.34
9.51
7.4
2.03
5.89
3.01
2.67
0.81
9.75
6.2
2.34
2.41
7.98
5.93
10.0
1.41
7.26
0.72
9.12
1.18
4.58
3.99
2.79
8.8
9.28
4.57
2.84
2.91
7.12
5.61
5.02
5.25
3.16
4.39
3.21
7.39
3.23
2.9
9.61
9.81
2.07
2.34
8.2
7.11
4.89
1.99
9.21
6.16
8.55
2.86
2.88
2.76
7.63
9.98
7.82
2.69
3.22
5.97
2.57
0.69
6.01
3.0
5.6
5.66
4.77
2.63
8.26
4.98
0.85
7.53
4.37
5.03
7.71
1.11
2.82
0.73
5.99
0.17
5.87
4.17
6.67
2.59
2.46
7.33
4.64
4.36
0.02
1.15
7.58
5.25
8.67
5.99
0.86
0.47
8.9
5.2
2.04
7.2
9.92
0.79
5.43
7.75
5.36
5.58
0.21
6.86
7.54
0.92
4.8
6.88
5.53
2.24
2.67
6.34
9.22
8.33
4.91
9.48
5.15
5.6
7.54
3.12
1.6
2.23
5.59
5.61
6.24
7.8
3.89
3.93
7.8
7.66
0.09
1.95
8.83
2.4
1.11
1.05
4.34
5.28
4.31
2.68
8.31
0.51
0.46
6.86
0.41
0.79
7.82
4.21
8.65
6.49
9.56
8.85
0.92
1.45
1.79
6.42
9.31
2.78
6.91
2.91
0.24
4.12
9.49
7.01
9.26
9.95
3.61
3.37
4.0
5.09
3.73
1.01
3.1
2.23
9.71
6.81
5.52
7.7
7.61
7.57
6.2
2.33
8.79
7.45
2.16
5.63
8.57
6.59
4.06
7.47
8.9
3.54
0.68
1.59
3.23
5.29
0.73
8.71
4.87
5.49
7.41
9.62
3.18
5.77
8.87
6.71
6.38
6.48
4.56
8.55
0.91
8.78
0.49
1.7
4.1
2.31
5.33
7.76
2.8
6.01
2.26
3.93
2.07
0.67
4.5
0.77
2.79
6.96
1.77
7.18
6.21
0.37
7.16
2.92
5.61
4.13
1.27
7.77
7.36
1.33
3.45
9.14
6.06
9.08
5.99
3.96
2.46
4.34
5.73
2.6
1.48
0.5
5.2
7.24
3.12
4.31
3.5
2.22
0.84
2.9
0.89
2.59
7.58
9.85
0.13
9.66
3.21
0.19
2.12
6.47
0.17
0.68
0.84
7.46
0.49
0.64
3.89
8.07
3.16
0.67
0.91
5.59
9.44
0.55
1.15
9.91
1.23
3.93
4.42
0.31
9.01
4.96
3.04
0.29
8.23
5.42
5.07
0.32
9.19
9.84
8.38
3.52
2.47
5.14
6.76
8.59
2.0
5.69
7.07
2.17
3.15
9.89
1.01
5.47
1.1
6.01
6.49
2.52
2.11
4.63
7.83
7.24
3.87
6.8
6.61
7.46
3.56
5.06
8.5
3.4
6.61
0.02
6.17
9.33
1.17
9.82
1.62
7.42
6.14
9.65
1.09
0.25
5.11
7.82
9.76
6.5
6.81
5.47
1.22
9.38
5.91
9.85
9.55
7.71
1.55
0.17
6.73
5.42
1.86
2.77
1.62
9.92
7.4
5.24
7.16
8.95
7.58
0.73
3.89
1.42
6.19
7.96
9.37
0.17
3.57
1.94
8.34
2.57
3.75
7.73
0.41
1.42
0.72
2.21
6.93
2.53
0.46
2.53
6.82
7.7
8.25
5.53
2.05
6.72
3.7
9.96
0.07
9.08
3.64
9.55
3.29
9.71
4.81
1.0
5.37
6.77
0.67
9.35
2.26
9.1
0.9
5.42
4.04
4.21
7.64
9.92
3.69
5.51
7.62
8.16
9.73
9.16
1.64
1.26
3.42
5.17
9.13
9.79
9.48
8.17
5.92
0.02
6.67
5.12
3.72
4.52
2.55
2.11
5.11
6.24
8.79
5.21
7.9
1.56
2.26
1.07
2.42
1.9
0.56
0.94
7.66
0.64
3.09
6.67
8.75
0.21
4.98
5.16
0.02
5.1
4.11
4.89
0.1
0.54
1.15
4.34
6.0
7.22
9.52
1.11
6.07
2.37
8.35
1.57
4.67
4.29
8.57
5.3
8.95
3.54
0.07
2.87
8.39
7.47
5.28
0.53
5.57
6.83
7.13
2.99
7.1
5.71
6.08
2.01
7.38
4.67
1.5
0.06
2.52
7.3
2.04
4.71
5.29
6.96
6.32
8.15
3.57
3.84
0.02
1.63
1.73
3.78
2.27
7.12
6.05
7.96
8.9
4.47
6.71
0.05
5.29
2.72
0.73
4.76
2.62
1.12
2.01
9.2
6.89
3.54
9.86
5.46
0.87
0.97
9.42
5.48
9.99
2.03
9.4
6.36
8.84
7.18
9.01
7.42
5.74
2.75
8.62
7.69
4.85
0.34
5.29
1.37
8.73
5.22
7.03
1.01
7.89
3.8
1.96
0.93
4.55
9.59
2.3
5.15
0.03
2.5
3.67
3.71
4.11
1.84
5.89
6.69
8.89
2.8
5.81
0.25
5.1
4.19
6.76
7.34
6.02
1.56
3.03
7.66
7.98
9.82
8.16
2.16
2.53
5.63
1.85
6.18
0.6
4.01
6.86
2.09
9.19
8.07
0.73
8.69
4.27
7.03
1.0
8.75
4.77
5.65
5.79
4.93
8.84
7.75
0.79
5.66
2.32
2.08
2.08
9.95
4.36
5.61
7.35
9.13
6.47
2.64
9.97
4.72
7.96
6.57
5.29
4.95
3.54
1.16
7.53
0.68
0.87
0.3
4.57
1.26
3.51
2.05
9.07
4.9
0.06
6.07
3.3
4.73
2.24
2.35
4.64
0.61
3.56
0.77
2.76
9.5
2.21
7.93
8.25
7.34
3.74
6.71
7.58
4.66
0.21
5.09
5.77
5.62
1.75
9.59
3.84
9.71
0.88
4.24
8.58
5.7
2.19
5.94
3.57
2.05
4.2
5.88
4.93
2.68
4.2
1.19
7.96
7.51
0.13
7.56
9.74
3.5
2.46
7.44
3.08
3.76
5.25
8.43
2.04
5.67
0.18
3.59
0.85
8.5
2.64
5.63
7.79
8.08
0.41
5.58
0.64
6.67
4.7
8.64
5.85
2.1
9.78
6.56
7.75
5.48
2.57
3.08
1.85
5.67
0.73
1.84
0.22
0.35
2.69
7.71
3.49
6.99
6.2
3.3
7.55
4.52
6.49
8.69
4.22
1.59
4.02
4.62
7.59
7.66
0.19
9.23
1.94
5.89
9.65
7.09
7.53
8.79
3.1
6.81
4.71
4.11
2.62
8.88
0.41
6.99
7.79
3.9
1.42
5.88
6.33
1.27
0.54
3.35
0.95
9.13
4.64
8.48
9.85
1.77
4.21
0.91
0.1
1.37
4.29
3.73
7.82
2.35
2.32
7.31
7.14
6.74
5.01
1.11
6.08
4.35
3.9
2.24
6.72
5.67
0.9
9.25
4.59
8.21
8.43
0.41
9.28
0.94
8.36
5.79
0.4
7.64
7.23
8.73
0.8
9.4
5.68
2.57
3.32
7.97
2.13
5.3
3.77
0.27
9.84
3.73
5.24
5.89
8.42
0.81
0.34
9.22
6.5
8.37
4.1
3.43
6.06
5.61
3.48
0.48
8.54
9.19
5.92
9.92
5.59
5.09
9.36
8.12
3.68
5.73
1.34
9.91
5.43
2.08
3.6
5.02
8.87
2.74
3.11
3.71
7.49
7.77
1.37
7.68
5.34
4.65
2.98
2.46
2.53
8.84
0.69
9.09
4.91
4.24
1.35
5.2
1.67
5.37
0.93
2.2
6.37
1.24
9.06
4.26
8.37
8.79
7.99
6.71
1.94
7.23
9.09
1.51
1.38
0.67
6.09
0.46
7.06
1.32
3.62
1.23
0.51
6.54
1.24
4.26
6.51
7.85
9.46
3.56
5.27
5.23
7.81
8.39
4.94
3.46
9.91
8.71
4.22
9.49
4.69
6.04
2.77
5.62
3.12
5.39
5.73
5.39
0.45
3.23
1.15
3.94
2.76
6.21
5.16
2.02
3.44
0.16
2.55
6.5
5.12
1.18
3.29
1.43
4.87
3.77
3.75
5.09
5.04
9.69
6.05
5.02
0.7
7.73
3.42
3.39
2.55
2.5
3.94
6.7
7.09
2.16
9.15
9.64
2.13
1.42
1.62
8.15
0.66
5.92
9.24
3.01
0.58
8.17
4.29
4.58
1.73
8.92
9.21
5.91
5.46
0.39
8.8
5.31
9.29
1.33
4.16
6.45
8.2
3.41
5.93
9.31
9.21
7.92
4.99
6.63
5.44
3.16
7.96
9.55
0.1
7.93
6.48
1.84
5.7
8.24
4.36
9.87
7.85
6.43
9.55
2.57
4.63
4.79
5.34
7.95
7.41
8.0
2.36
8.07
6.76
2.86
7.74
6.89
2.89
7.17
9.02
7.17
0.09
2.7
0.21
6.63
6.96
9.53
1.62
9.55
6.04
0.4
4.41
6.64
6.21
2.47
9.37
5.37
6.11
0.21
8.42
1.66
2.92
8.85
2.09
6.12
8.94
0.74
4.5
1.26
8.57
8.7
7.74
1.32
1.13
0.05
3.78
4.73
2.83
2.12
9.73
2.9
9.85
4.75
7.44
5.14
9.33
4.53
1.4
2.98
6.86
3.29
2.29
3.62
9.19
9.95
3.2
7.12
4.64
5.47
1.64
5.08
7.26
5.84
7.45
5.59
5.4
5.12
0.68
4.9
0.05
5.48
3.81
4.15
0.87
9.35
8.25
8.32
0.14
3.0
4.63
3.59
4.37
3.95
1.68
2.8
7.02
3.99
0.76
9.35
6.96
7.33
9.61
7.98
9.73
9.58
7.0
0.49
4.04
7.65
9.65
4.4
1.47
4.91
0.84
8.43
1.48
4.07
3.76
7.85
2.47
1.91
3.87
5.74
3.08
1.21
9.63
5.67
5.75
7.72
8.2
0.11
6.46
7.89
1.45
4.0
7.66
8.86
3.81
3.18
8.32
2.48
3.93
0.84
1.11
1.95
8.53
9.34
6.0
6.48
9.19
6.19
0.91
4.87
6.24
4.48
4.59
9.83
9.61
8.43
5.82
4.33
3.56
6.93
7.21
9.09
3.28
5.03
4.61
6.83
3.74
0.22
7.36
8.1
0.28
9.76
7.35
9.04
9.13
7.65
6.59
5.13
5.47
8.74
0.01
5.7
8.05
8.01
7.02
5.77
4.34
1.36
3.98
8.93
9.12
1.08
4.79
6.56
0.28
3.18
3.03
2.69
7.94
9.73
7.27
4.54
3.62
3.96
6.3
8.24
1.44
5.6
3.37
6.1
5.92
2.54
8.13
0.24
4.14
4.03
2.69
7.91
0.46
0.2
9.61
6.5
7.48
0.56
2.2
0.29
5.74
7.62
7.73
6.14
7.65
5.65
1.72
4.0
6.92
1.87
7.1
2.63
3.62
7.0
4.86
8.71
9.95
5.62
4.27
0.61
3.04
4.84
4.34
4.74
6.49
8.01
7.89
6.75
6.78
0.37
8.36
2.6
6.03
2.55
4.24
6.34
3.42
5.98
0.4
8.53
8.24
1.03
4.78
1.42
7.43
3.94
1.32
8.94
9.07
3.86
4.23
8.48
8.75
9.37
6.66
4.53
8.33
0.64
2.9
5.83
7.34
9.27
0.98
2.43
8.02
2.24
5.31
5.1
5.7
0.84
8.62
7.15
5.83
6.75
7.04
7.9
3.68
9.36
9.97
9.13
7.73
7.14
8.99
2.22
1.03
5.16
7.1
3.07
7.55
6.9
1.71
3.77
5.6
7.56
0.73
9.23
7.73
6.39
2.35
4.73
3.58
2.83
7.38
6.18
7.36
9.41
7.69
6.72
9.25
5.15
9.85
2.28
3.61
0.23
8.27
0.18
4.08
8.56
9.31
8.31
6.45
5.11
0.18
6.6
4.8
8.06
7.44
7.16
9.47
1.8
6.28
0.3
3.65
2.14
3.8
5.42
9.2
1.18
6.98
1.05
5.9
2.49
8.04
8.46
8.04
9.5
7.31
5.01
2.86
1.39
2.64
7.18
0.71
4.28
9.42
6.58
1.61
8.27
8.25
1.91
2.86
2.16
4.47
9.37
9.94
6.23
8.49
6.48
3.7
9.26
9.15
3.87
2.81
5.0
2.42
5.81
0.64
6.58
6.21
5.63
4.65
7.24
9.6
6.76
0.06
4.31
9.98
4.68
1.92
5.85
4.83
4.37
2.73
2.47
5.39
9.36
1.25
7.63
9.45
0.42
2.05
5.81
6.64
1.83
7.52
8.46
0.61
3.03
9.81
3.89
0.91
2.97
2.23
8.2
8.23
0.03
6.74
3.91
1.54
0.36
7.97
3.44
3.64
6.81
8.36
4.87
7.83
0.84
0.74
6.95
0.57
7.88
3.1
1.9
1.95
4.96
1.73
0.4
0.8
3.09
3.28
4.75
3.69
3.56
7.41
5.54
5.52
8.6
1.6
5.25
6.12
2.39
3.83
2.07
6.34
7.95
6.95
9.63
9.27
1.23
3.63
6.83
0.89
8.85
4.12
6.98
6.61
6.83
9.01
9.56
6.37
0.91
0.15
9.46
5.77
2.49
1.64
1.93
3.96
4.07
6.06
4.56
8.21
1.15
8.77
1.78
1.94
4.67
0.28
8.62
7.23
1.06
1.48
3.19
9.33
5.65
0.75
7.16
9.55
8.92
7.89
3.21
8.49
7.44
1.16
4.32
6.33
7.76
9.33
4.67
1.88
3.38
9.0
3.59
0.09
3.72
1.32
1.34
9.14
7.79
6.87
8.99
4.01
3.87
1.13
9.95
5.25
5.81
5.19
7.5
6.17
5.29
2.72
9.54
4.88
1.85
5.72
1.97
4.67
9.41
8.6
7.57
4.96
2.61
1.89
0.18
4.78
1.98
8.6
4.19
8.99
0.49
9.43
4.25
6.52
1.21
3.3
4.62
3.04
5.72
8.28
0.36
7.43
8.66
1.78
2.09
2.95
3.85
3.3
5.58
4.27
8.65
7.68
0.66
0.63
1.03
1.17
3.63
0.24
4.8
9.65
0.72
0.05
4.02
6.62
6.08
5.6
9.06
6.59
0.34
1.95
3.04
7.69
4.05
9.1
0.25
0.67
4.78
6.62
3.73
9.89
6.24
7.04
5.68
2.28
7.59
3.99
3.59
6.11
3.16
7.65
8.88
6.08
2.33
6.48
5.03
9.07
1.16
5.62
1.29
2.92
9.59
4.13
9.91
6.18
2.01
2.3
5.37
5.13
6.15
2.47
6.21
3.42
3.4
4.25
1.56
3.5
0.43
4.53
3.22
4.42
4.52
8.33
3.81
2.39
6.76
0.57
5.74
4.44
7.29
8.51
1.49
5.72
6.91
9.71
0.05
8.22
2.04
3.02
6.21
3.29
8.92
9.97
8.14
0.25
9.01
0.12
3.01
9.25