4737
Bases de Datos
5.01
2.39
3.82
9.82
6.2
8.58
6.51
6.19
5.68
4.79
6.49
3.81
4.72
2.02
9.71
7.39
8.38
9.17
4.94
5.63
9.59
4.85
7.8
7.19
9.38
9.33
2.99
5.34
3.53
1.48
7.22
9.55
2.78
6.38
2.55
4.64
7.79
10.0
5.53
2.58
3.28
9.78
8.79
3.08
3.29
5.7
1.68
7.77
1.74
7.08
3.39
5.74
2.36
4.11
3.39
8.09
8.55
4.08
8.9
5.96
8.22
9.43
9.2
8.86
8.33
4.73
6.61
4.89
4.42
3.77
2.93
3.2
1.79
1.39
4.43
8.17
7.12
1.94
8.73
7.13
8.77
6.7
2.48
5.86
8.78
8.05
7.96
1.1
6.73
5.83
2.7
1.9
1.18
8.66
3.03
7.06
8.26
8.75
3.82
3.53
8.84
9.61
7.11
4.32
9.71
5.23
7.06
5.95
9.25
9.01
1.27
2.82
4.44
1.06
3.37
3.71
8.56
2.73
3.73
7.81
9.09
4.77
3.33
7.33
2.48
3.1
9.25
5.41
6.89
5.49
6.52
6.69
6.01
3.77
5.69
5.28
9.06
2.45
7.53
4.87
4.9
4.88
4.53
6.03
9.07
8.93
6.56
5.32
8.41
3.22
5.59
8.95
4.53
9.95
3.96
5.56
8.04
8.13
8.13
4.67
2.57
8.91
7.47
5.76
3.62
4.6
1.41
4.51
8.84
4.87
9.79
5.1
1.39
3.74
9.38
9.66
9.95
1.92
8.23
1.85
8.57
8.51
2.15
1.06
8.68
2.02
4.22
9.98
2.35
2.21
3.71
9.24
6.63
5.92
5.77
8.47
8.8
2.89
3.84
5.79
3.82
9.68
1.59
3.48
3.77
10.0
2.59
5.13
2.78
5.35
7.18
6.25
6.13
9.55
1.3
6.78
5.94
1.89
5.43
9.43
9.71
6.1
8.48
1.19
6.4
5.73
1.25
1.42
7.28
8.97
3.38
8.49
9.92
8.84
5.6
7.71
3.72
9.07
4.71
1.11
2.49
7.58
9.71
4.75
9.04
8.56
9.11
9.73
3.61
9.76
9.13
1.11
8.09
2.71
1.34
1.61
6.16
4.24
7.84
4.87
6.28
7.47
3.31
3.99
6.15
8.24
7.53
8.16
7.54
6.66
2.95
7.18
7.75
2.92
7.46
8.02
8.39
6.26
2.66
2.74
5.92
2.55
5.77
6.33
1.22
4.28
1.11
2.18
9.92
6.3
6.22
4.5
6.58
4.12
1.58
7.36
7.12
4.26
4.8
6.09
7.88
8.72
9.95
7.72
9.12
4.39
6.85
7.26
8.44
9.79
1.98
8.56
2.98
4.4
4.81
8.87
1.04
5.89
5.61
2.13
6.11
7.95
9.65
9.37
2.88
7.07
6.59
3.9
5.93
9.93
9.46
4.74
1.53
4.88
7.03
9.78
9.82
2.37
1.82
3.1
3.23
7.88
8.22
5.35
8.22
5.9
8.2
9.72
2.81
2.39
1.78
1.31
1.48
2.88
6.92
1.23
8.56
5.97
8.38
4.24
2.15
9.92
1.36
4.36
2.63
9.49
3.21
4.7
9.55
6.58
8.05
1.02
9.44
4.71
5.9
8.76
3.24
9.07
3.21
2.9
8.06
5.4
2.38
6.7
6.0
6.34
6.01
3.43
6.99
3.52
7.49
9.0
4.0
4.54
7.2
6.43
6.38
9.88
2.77
6.97
5.58
1.32
2.88
3.74
6.4
2.08
3.65
5.65
1.23
3.1
7.83
9.69
3.71
7.52
5.78
5.44
4.35
1.61
9.77
9.54
8.14
1.96
1.19
5.49
8.55
7.3
1.13
3.84
9.54
4.85
1.59
3.7
2.93
1.21
4.45
9.44
8.46
7.85
1.36
2.88
9.54
7.21
8.54
8.28
9.48
7.37
7.92
2.42
5.53
5.19
7.37
9.35
9.12
5.74
6.24
8.66
5.51
8.33
8.73
9.98
8.44
7.33
1.88
4.57
3.36
8.13
6.22
5.66
3.22
3.39
6.75
1.06
4.81
5.25
3.57
1.07
5.22
3.18
2.13
9.87
8.86
1.26
1.26
3.69
6.53
1.33
7.06
3.52
8.15
1.27
1.25
5.28
3.51
5.17
7.26
9.64
1.06
4.67
4.06
4.69
3.8
8.12
7.02
3.31
3.44
6.38
9.84
3.93
4.99
3.84
3.9
6.82
5.92
8.8
6.11
6.66
7.17
2.95
2.7
4.01
6.6
4.97
5.84
2.19
9.0
1.48
4.71
7.12
4.8
1.84
7.71
3.86
1.84
4.7
7.14
3.7
3.06
6.05
7.9
9.8
5.49
1.16
8.19
6.69
3.75
6.78
2.24
3.02
1.84
4.84
2.78
3.43
7.44
7.67
8.59
4.16
9.4
6.09
6.42
5.83
4.88
1.34
6.65
5.77
5.93
8.71
6.41
9.82
3.28
9.8
3.87
3.15
4.29
6.15
9.66
9.59
9.29
5.39
8.78
8.92
4.18
7.35
2.6
1.85
8.77
8.59
9.32
9.34
9.98
6.57
9.42
7.8
1.02
5.0
1.57
2.05
9.68
2.71
1.77
9.55
6.12
3.08
1.93
5.44
3.4
4.38
3.98
2.84
5.79
4.88
2.51
7.18
4.96
1.73
6.35
3.7
3.58
3.82
1.61
9.88
4.82
1.58
1.51
7.63
8.6
7.51
2.03
4.15
8.72
6.65
8.73
9.76
6.26
8.91
8.47
4.15
4.8
1.24
5.23
4.68
6.44
8.18
5.35
2.34
6.12
8.38
4.49
4.19
5.46
8.51
8.92
8.12
6.17
9.96
5.05
8.94
7.8
7.62
4.32
7.05
2.36
6.36
4.12
3.13
9.96
6.89
7.53
9.36
2.39
6.26
8.98
4.81
6.49
1.49
4.3
1.27
8.65
4.24
4.79
8.34
5.67
1.71
5.36
3.45
1.27
4.98
9.56
7.95
6.02
7.52
8.65
5.21
2.23
4.18
2.38
9.51
9.66
3.53
7.9
4.82
7.14
1.25
3.77
8.46
9.96
1.46
1.96
5.94
5.79
5.86
3.0
4.68
5.53
5.1
1.18
6.56
1.64
2.86
9.5
2.36
5.58
1.2
6.35
6.62
1.96
9.49
8.49
6.14
1.44
1.93
1.86
8.8
1.14
9.09
9.93
2.22
9.6
1.11
6.51
1.34
7.29
5.8
9.33
1.09
7.88
9.89
3.64
1.2
4.14
4.78
9.07
2.15
4.59
7.21
6.61
3.81
9.78
5.49
7.12
9.64
1.74
9.06
7.94
1.75
8.64
6.21
9.99
7.59
4.16
6.74
9.74
5.35
1.1
9.14
2.48
6.02
8.56
6.51
5.69
5.69
2.09
9.39
1.9
7.72
1.99
4.22
3.25
8.99
4.25
6.08
9.76
1.23
4.54
8.05
5.28
3.1
9.27
3.37
6.92
4.09
1.08
8.38
4.62
7.17
6.57
6.62
9.01
4.38
4.38
5.7
4.99
8.55
2.68
2.17
9.59
1.34
2.22
2.91
1.6
8.03
8.42
7.23
2.48
4.95
3.36
3.23
6.41
1.66
8.1
6.14
3.51
6.06
3.04
4.99
9.5
9.26
1.39
9.47
8.46
4.43
6.33
3.39
1.28
3.28
2.55
6.55
2.02
1.79
5.9
8.64
4.79
6.44
1.55
9.84
7.65
8.55
9.06
7.88
2.77
5.54
1.65
3.41
8.04
9.76
7.93
6.76
1.89
8.17
7.84
7.83
7.9
6.52
2.34
8.21
3.71
7.73
1.36
6.18
2.97
8.43
5.28
6.22
4.53
3.6
9.8
4.06
4.15
1.51
9.38
8.28
6.09
6.96
3.22
6.04
5.0
2.27
2.16
4.9
5.77
1.11
5.74
5.83
1.28
4.03
3.87
4.48
3.64
5.08
6.05
8.38
1.27
1.88
5.75
2.79
1.35
6.92
5.83
8.8
3.85
8.59
6.19
1.17
9.72
5.48
6.74
5.78
3.08
9.11
9.79
1.66
5.26
4.63
1.27
8.04
5.93
1.66
1.85
7.64
2.8
7.26
8.75
3.28
1.37
5.86
9.54
7.74
9.09
7.31
3.8
3.39
9.76
1.21
4.91
7.35
8.33
3.06
3.81
3.72
2.33
3.2
5.71
2.69
1.04
8.54
1.73
2.02
2.69
9.89
5.93
1.3
5.8
8.41
6.97
2.09
6.61
3.28
5.5
5.87
8.0
2.24
6.89
2.85
9.17
7.67
1.35
6.87
7.38
2.85
3.92
9.43
7.88
9.71
9.82
8.06
1.88
3.7
5.8
1.61
9.1
8.96
8.4
8.97
1.56
2.11
2.89
5.15
2.15
5.93
5.91
5.7
9.07
5.34
3.58
5.98
7.52
2.25
5.9
3.6
5.59
6.99
7.71
3.22
3.73
1.01
9.58
8.35
2.33
7.83
2.71
6.05
9.95
6.2
4.66
3.5
2.25
4.07
1.64
8.83
7.28
1.0
1.75
5.51
9.65
5.24
7.33
1.76
8.16
6.47
6.08
9.07
5.57
8.56
2.67
8.88
5.97
6.9
2.43
8.67
4.03
6.45
8.43
5.35
8.99
4.17
9.1
7.01
9.78
7.51
3.14
6.95
7.73
5.68
4.96
4.0
9.47
7.81
6.01
1.83
7.91
9.05
7.0
2.66
6.85
3.53
4.34
2.76
7.91
4.79
6.04
3.64
7.38
5.01
9.73
1.96
4.72
7.72
4.26
9.26
4.19
7.47
9.39
2.37
1.58
6.82
5.62
3.18
5.38
8.59
6.04
5.72
6.67
7.14
9.6
3.67
3.78
1.13
4.96
8.45
2.65
6.18
3.37
8.95
7.94
1.62
2.95
5.93
7.92
9.7
6.41
4.3
7.89
2.42
1.66
1.81
1.44
3.15
6.5
7.25
4.33
7.03
7.15
8.48
1.1
8.63
6.02
3.6
5.2
3.75
8.22
6.46
4.1
3.79
9.71
4.99
5.06
9.52
2.64
9.72
5.16
1.23
5.52
5.07
4.35
4.15
5.71
2.41
9.55
6.86
7.93
3.28
1.5
8.02
9.72
2.0
2.88
2.21
7.62
3.19
7.24
2.43
4.97
9.41
9.04
8.5
1.26
8.55
5.63
4.21
7.1
5.66
8.95
6.94
2.77
1.97
8.08
9.54
2.0
2.25
8.82
1.8
5.1
6.41
7.28
6.28
1.56
8.97
2.28
5.7
6.31
8.27
7.02
1.21
3.79
7.92
8.48
7.54
1.71
9.86
3.9
6.02
2.28
5.62
3.12
7.17
8.94
6.97
4.93
3.66
9.55
3.01
6.29
4.9
2.54
7.53
2.8
4.95
5.74
1.81
5.17
2.3
2.92
5.72
4.42
8.4
9.98
3.89
4.18
7.85
7.56
7.81
5.77
3.54
8.31
3.47
3.2
2.68
4.76
8.06
6.69
4.15
2.62
8.03
6.92
8.75
2.44
7.73
6.96
9.88
7.28
1.24
1.15
3.83
9.49
1.8
3.04
3.62
3.3
7.93
6.96
1.34
2.24
8.86
8.16
2.25
4.04
5.27
2.84
8.52
3.41
7.44
8.85
7.34
5.24
9.01
4.43
6.28
6.98
7.36
7.04
3.4
8.78
9.74
5.09
8.35
8.03
7.1
7.78
3.72
5.86
9.12
5.85
7.47
3.89
7.22
5.01
4.53
9.81
4.56
6.35
3.89
1.65
5.81
5.93
3.89
3.29
9.33
4.56
7.96
3.67
5.03
8.32
7.69
5.39
1.88
5.65
2.61
8.6
7.95
5.32
4.02
2.2
8.23
4.37
4.61
4.51
4.97
3.59
2.08
5.86
5.21
2.64
6.19
1.83
1.61
8.77
2.61
9.19
7.02
8.99
1.15
8.41
4.94
5.67
5.31
3.23
2.79
6.26
1.55
6.97
3.72
5.16
5.22
7.37
1.64
2.09
7.43
2.06
8.24
6.23
3.09
5.45
8.46
2.39
8.72
6.75
2.89
5.36
1.63
2.38
6.75
4.38
8.59
8.12
5.3
3.52
9.01
4.34
6.38
4.8
2.84
8.09
8.65
1.31
3.91
5.09
2.81
6.42
9.38
1.28
9.21
5.68
5.85
9.8
3.23
9.39
9.64
1.74
7.85
5.86
1.02
5.27
6.99
1.01
5.98
3.4
4.29
1.05
8.16
7.64
3.37
8.21
5.34
5.8
9.45
2.01
1.95
2.14
3.43
1.78
6.91
8.25
6.16
8.33
2.74
5.25
3.18
4.16
4.81
7.51
1.25
1.4
5.58
9.59
3.07
8.36
8.95
9.87
6.48
3.55
4.11
7.83
7.42
7.33
7.63
5.23
1.42
1.1
1.57
7.31
9.11
9.76
1.54
4.64
3.95
5.54
1.57
6.79
2.23
5.23
2.45
3.36
1.37
2.85
4.39
5.61
4.68
7.08
2.71
4.45
8.05
1.18
7.36
1.22
6.14
2.71
6.64
3.75
6.57
6.66
6.3
6.5
6.29
2.88
9.85
4.97
6.04
6.91
3.32
9.42
4.68
5.18
7.15
7.85
7.44
2.52
4.52
9.31
3.75
3.5
7.67
7.48
7.62
7.57
3.48
4.23
1.82
9.8
9.36
7.02
5.32
3.41
9.42
9.47
3.37
9.88
2.9
8.5
7.94
6.03
6.47
5.8
8.27
5.12
6.78
6.47
7.77
8.81
7.19
7.63
4.33
6.66
8.28
7.48
5.28
6.8
1.56
7.71
6.11
5.24
2.51
9.86
2.55
7.16
3.62
1.7
6.48
8.3
3.37
5.77
6.91
1.63
6.1
5.5
1.38
7.35
6.61
8.93
8.46
6.11
7.77
8.21
4.04
9.17
6.71
7.47
1.8
5.44
1.13
8.94
4.18
6.32
5.92
9.69
9.09
9.2
2.61
2.63
5.48
3.52
9.04
3.91
4.79
3.98
6.3
5.19
4.35
1.75
2.8
1.7
3.24
5.16
9.65
1.54
3.13
4.5
3.64
1.08
7.05
1.47
8.86
1.57
7.96
9.95
3.11
9.97
9.03
8.28
3.47
9.16
2.25
1.31
5.67
1.67
7.08
8.98
3.69
3.78
7.17
4.98
1.22
9.65
6.36
5.29
1.16
5.66
7.51
3.34
6.23
9.19
3.83
6.74
8.71
6.31
1.05
3.35
8.69
4.05
7.19
8.83
6.27
6.92
2.44
1.16
6.93
2.11
5.4
5.21
1.8
9.59
8.4
2.87
3.4
8.07
8.1
9.38
5.25
3.25
8.97
1.86
2.75
8.38
8.43
1.74
3.5
7.88
9.41
3.72
2.88
9.35
4.35
7.05
4.58
5.28
5.97
9.09
1.43
3.64
1.6
5.62
9.75
6.58
5.34
2.16
5.0
9.51
7.36
3.85
4.11
7.15
1.07
1.92
4.47
5.38
9.75
4.67
1.71
3.08
1.47
1.01
6.28
7.61
5.65
6.16
9.29
4.96
8.47
2.68
7.58
5.93
1.86
3.86
5.05
7.64
7.04
9.41
9.45
6.19
3.06
9.7
8.66
9.03
1.61
9.72
9.38
8.36
7.6
5.95
7.37
9.19
5.09
3.16
1.59
4.01
1.2
2.18
4.18
2.5
7.74
5.77
9.04
7.35
6.73
8.85
2.58
3.73
6.48
2.9
9.2
2.24
8.44
9.49
1.33
3.35
7.34
2.89
5.26
9.4
7.21
9.31
6.29
4.55
3.42
3.41
4.59
6.89
3.36
6.27
6.45
6.95
8.86
7.26
7.46
8.48
6.17
7.3
8.61
3.87
8.35
6.33
3.1
8.83
7.16
1.16
8.87
2.7
9.33
1.3
1.91
9.15
7.4
8.36
8.44
2.63
1.8
6.42
2.46
6.81
9.96
8.98
3.49
5.27
6.09
7.57
4.58
1.91
1.4
9.51
6.51
9.03
2.25
3.48
9.39
2.57
3.51
1.02
1.45
4.45
3.69
6.77
8.17
5.05
6.6
6.84
2.77
4.44
7.3
7.66
7.34
6.92
9.06
6.99
8.72
5.94
8.1
6.28
9.36
2.42
4.64
4.21
3.95
4.31
1.43
3.6
9.42
4.48
7.84
7.59
7.23
2.92
9.71
6.39
4.54
8.11
5.52
7.47
3.04
3.55
6.56
2.65
3.29
7.59
4.43
3.55
3.96
7.37
6.08
7.71
8.2
3.48
8.27
6.27
4.74
4.53
6.24
6.3
6.14
3.75
1.48
3.04
6.38
1.08
7.54
9.25
9.61
9.52
8.66
1.8
6.55
8.78
5.4
5.9
9.83
6.4
4.31
9.12
7.83
3.25
8.49
7.23
4.93
4.96
9.05
6.88
1.49
3.54
9.17
3.8
6.97
7.52
7.35
5.49
9.02
8.58
4.77
7.88
7.69
3.52
6.63
5.31
6.27
7.31
9.86
7.26
7.21
9.44
8.01
9.32
7.98
6.23
6.67
9.56
4.42
4.39
8.51
4.21
8.22
8.25
2.0
5.68
2.81
1.34
7.5
5.05
4.82
3.72
7.51
8.07
1.79
5.2
2.27
4.48
9.45
3.03
3.73
1.09
4.56
6.94
2.78
3.5
5.76
8.68
6.8
7.2
7.38
8.78
9.04
9.96
7.27
1.18
8.69
3.49
6.7
4.75
1.86
3.07
3.04
2.13
3.64
4.92
5.19
8.67
7.9
4.08
3.2
9.06
7.0
3.73
9.68
5.42
4.16
2.07
9.76
1.6
3.9
5.45
4.77
5.93
1.65
4.02
5.69
1.72
6.42
4.84
6.72
8.44
3.33
7.16
3.73
9.6
6.34
2.52
7.55
8.62
2.93
3.21
3.41
2.89
9.32
2.52
7.21
3.69
2.26
6.29
6.54
7.62
9.46
6.55
1.98
2.25
9.83
7.73
8.93
6.95
7.72
5.93
5.48
1.96
8.11
8.03
2.28
3.1
4.9
4.36
5.76
2.68
5.56
6.7
1.99
4.92
1.66
6.42
4.55
5.77
2.07
6.18
1.76
7.11
1.37
1.42
3.95
4.79
7.52
4.25
1.1
2.4
5.4
9.79
5.68
3.73
6.57
6.34
1.59
4.29
1.98
8.64
5.16
1.8
4.63
4.54
1.96
9.57
9.97
6.13
8.35
7.98
7.49
6.6
8.45
3.81
6.92
3.97
7.4
3.79
9.81
6.03
9.8
9.71
7.19
9.15
9.35
7.42
1.2
7.48
2.78
2.07
1.23
1.4
9.74
7.52
5.78
6.67
7.62
5.27
1.09
7.05
8.78
5.89
5.12
2.45
3.8
2.28
4.38
1.63
4.0
1.99
1.93
2.71
2.93
5.45
7.98
8.24
3.15
6.12
9.97
4.59
1.41
5.23
8.54
2.11
6.34
5.58
8.86
6.39
4.15
7.64
6.66
9.03
3.94
9.88
5.67
7.0
4.89
7.68
2.87
5.19
3.16
1.34
7.57
3.0
1.26
3.28
3.4
9.96
3.31
6.51
7.15
2.57
4.79
2.09
3.63
6.83
9.27
9.68
2.36
1.4
4.47
1.85
8.25
5.14
1.7
5.91
9.37
4.95
3.94
1.8
8.17
6.12
9.86
3.02
2.1
1.49
4.48
1.79
8.22
3.55
9.79
2.84
3.19
7.89
4.98
9.21
5.27
3.83
4.23
1.26
9.43
8.71
4.45
4.91
8.66
1.95
1.12
5.48
5.82
6.19
4.4
2.29
3.47
1.32
4.16
5.24
8.95
1.43
8.13
3.81
8.94
8.79
1.43
1.91
6.68
4.3
7.44
5.06
3.1
5.65
3.9
4.84
3.99
5.6
9.37
8.98
7.8
6.22
8.75
2.02
6.93
3.15
2.19
5.28
1.96
5.9
5.59
4.97
2.92
10.0
3.47
8.97
4.55
3.8
6.46
4.28
6.18
9.48
6.18
7.03
2.07
7.53
6.69
9.71
3.18
3.79
2.02
3.14
9.74
3.02
4.74
5.76
2.76
6.61
8.05
8.09
5.98
1.04
7.81
1.05
2.57
9.48
5.67
7.44
4.09
9.32
5.15
8.54
8.05
5.84
7.15
3.56
8.06
5.85
4.6
8.99
2.67
3.46
2.38
1.73
6.38
3.52
2.04
4.57
2.92
5.54
6.91
8.0
7.91
2.64
6.44
5.38
5.01
3.48
5.61
8.54
4.89
1.65
9.89
3.0
1.67
1.6
4.11
4.25
6.48
7.67
2.85
1.26
3.53
7.31
1.22
7.85
9.6
5.94
8.31
4.33
2.61
1.34
7.59
2.98
6.93
7.99
2.52
1.38
5.26
5.03
2.83
7.15
6.64
7.78
6.0
1.36
1.12
9.14
6.79
6.63
4.04
3.64
2.31
8.58
5.75
9.0
7.05
10.0
5.85
3.61
4.83
9.46
3.41
8.57
8.62
8.42
3.31
7.49
7.16
5.2
6.3
5.12
9.78
1.98
9.09
1.43
4.77
1.97
2.71
4.23
6.41
9.03
3.04
9.73
2.4
8.42
8.21
1.87
6.94
4.04
5.85
8.44
7.48
9.28
4.3
2.23
1.02
9.16
2.8
3.85
8.8
9.12
9.71
8.49
8.11
4.31
2.0
8.16
5.7
6.34
5.52
3.06
3.23
2.03
9.51
6.16
3.88
4.12
3.89
1.25
1.99
7.67
5.76
2.4
6.77
5.82
3.44
7.73
2.51
9.74
8.86
6.67
2.22
4.96
4.14
1.06
4.45
3.04
3.21
5.9
7.05
7.29
7.52
10.0
4.68
4.13
3.6
6.24
9.79
6.24
9.33
7.86
2.43
7.62
3.03
4.59
6.31
8.09
6.95
5.79
8.3
7.83
1.89
6.35
2.12
2.47
7.36
2.05
9.53
8.73
4.38
4.36
6.41
4.23
9.72
1.79
6.71
6.84
9.84
2.02
8.89
3.37
1.11
9.16
1.7
8.46
8.33
3.33
6.03
4.91
2.23
7.49
5.73
1.65
3.61
1.86
1.59
4.38
3.84
7.03
5.05
6.59
5.75
9.04
3.28
9.16
2.93
7.94
3.28
2.65
6.06
9.78
9.34
6.96
8.15
6.44
1.87
4.57
9.1
4.22
4.35
8.23
5.46
6.35
7.34
1.38
3.7
3.13
9.67
9.85
2.24
2.97
1.09
6.75
9.48
2.2
4.86
9.84
5.75
8.9
4.35
4.09
4.32
9.93
4.53
2.78
6.68
1.8
3.72
1.04
3.31
2.37
9.81
5.18
4.56
2.93
9.16
4.06
6.78
7.15
1.08
5.83
2.86
3.58
6.92
5.19
1.05
4.54
5.47
2.43
6.87
8.81
6.06
9.55
7.02
7.68
4.35
2.73
3.7
6.42
4.82
7.46
6.13
3.51
9.87
4.21
8.84
9.08
3.27
3.27
9.22
7.53
7.19
5.38
1.51
1.62
5.0
1.32
5.23
9.99
5.35
5.71
7.49
8.12
6.33
4.33
3.49
3.29
1.81
6.27
9.26
4.59
2.17
5.66
5.92
7.9
1.62
4.52
5.22
3.25
2.18
1.81
6.49
6.92
6.43
6.22
3.06
3.99
2.84
2.69
3.85
1.12
4.03
5.95
3.85
5.06
5.17
6.66
4.11
9.47
4.51
5.46
2.56
1.88
7.48
8.69
3.82
2.07
1.12
2.39
5.41
8.93
9.09
9.48
8.27
6.91
9.89
5.13
2.29
5.5
9.25
2.41
9.76
8.81
1.35
1.68
2.52
7.96
5.69
8.61
4.48
3.25
4.27
2.72
6.13
1.82
6.94
2.39
8.1
6.36
6.31
2.93
1.82
3.72
5.14
6.08
9.53
7.79
2.06
9.63
8.43
8.89
8.4
2.47
9.97
2.12
1.04
9.34
7.48
9.8
9.35
9.98
2.72
9.52
9.88
1.06
7.89
7.75
3.64
6.42
8.84
1.01
2.98
2.91
6.96
9.94
5.21
9.36
8.25
2.24
4.13
1.78
5.51
3.86
6.79
3.44
5.58
9.76
5.18
5.52
8.62
4.52
8.95
2.17
5.02
8.66
4.57
8.8
4.17
3.31
5.4
6.29
4.34
7.06
4.57
9.13
3.31
1.11
9.69
1.97
2.91
1.42
7.51
6.92
3.79
8.15
7.57
5.96
1.01
2.5
6.37
9.15
1.74
4.37
2.62
6.84
2.46
7.21
8.89
8.22
5.81
5.82
6.57
1.85
9.6
9.71
7.29
1.63
6.74
2.32
2.88
8.85
2.59
6.58
6.03
7.89
6.97
3.68
6.51
8.78
5.79
8.81
3.0
9.99
8.28
1.55
8.97
5.02
7.59
2.03
1.43
7.25
2.15
8.8
8.93
8.14
3.39
1.11
7.94
5.83
4.67
2.69
7.39
5.92
3.94
8.92
3.14
1.47
9.81
1.76
5.37
6.48
9.25
2.3
7.49
8.35
9.23
8.61
3.74
5.52
4.09
3.89
7.89
4.13
1.31
6.79
6.78
3.98
5.97
3.05
4.87
9.14
5.36
9.61
3.72
3.3
5.87
9.15
6.67
8.14
4.06
4.16
1.45
7.78
7.12
5.55
7.56
7.18
4.52
4.45
3.6
8.24
7.61
4.63
1.86
4.6
2.62
3.07
6.27
4.04
6.47
4.6
1.56
7.24
6.1
7.73
6.0
4.96
7.22
3.0
7.77
2.6
2.81
6.06
2.16
1.68
7.61
9.32
8.2
8.08
5.37
7.87
7.47
9.1
5.34
9.46
2.98
5.18
3.75
5.63
9.21
1.02
3.47
3.51
8.57
8.25
4.55
5.27
9.18
8.98
8.81
3.04
6.46
4.11
1.62
4.35
5.32
1.81
6.9
1.05
8.24
6.04
1.08
2.14
3.19
5.85
3.72
6.94
8.25
2.54
9.12
9.34
5.57
3.65
9.82
5.5
3.94
6.48
7.05
1.37
6.82
2.63
6.69
4.99
8.52
4.76
9.68
9.97
4.28
9.64
2.77
5.64
9.39
9.91
7.45
1.26
8.77
1.34
4.07
2.06
4.24
3.68
2.1
3.89
1.58
2.85
9.84
4.14
2.47
7.71
5.12
7.84
7.0
3.19
9.47
2.02
7.49
7.78
7.22
9.88
2.76
8.11
5.59
7.6
8.59
2.05
8.44
5.29
4.03
1.86
7.24
1.58
4.68
8.98
2.22
6.24
9.15
2.86
3.48
3.15
1.58
8.24
3.22
4.6
8.89
5.48
6.46
7.3
4.97
5.17
5.37
2.9
1.06
5.34
1.06
4.67
3.54
5.5
2.19
4.3
5.79
9.68
7.12
1.72
6.78
7.24
2.4
4.91
3.03
5.6
4.08
1.89
3.22
7.77
3.98
8.23
6.75
4.29
9.62
7.87
9.2
3.36
7.15
8.23
1.51
8.96
5.08
6.79
2.75
7.28
7.15
1.67
7.16
3.59
4.53
1.01
9.44
2.3
5.45
2.2
9.38
9.02
3.5
4.36
6.08
2.23
6.45
8.7
9.33
5.69
6.38
2.72
3.76
6.38
7.22
8.98
5.06
6.46
4.09
9.93
1.99
3.28
9.73
4.96
2.23
7.28
8.65
3.62
8.96
4.18
9.82
3.38
3.84
1.61
8.74
8.39
3.28
3.1
6.39
1.25
4.81
4.39
3.29
4.61
2.4
2.48
4.07
2.04
3.85
7.02
6.33
7.96
7.76
9.09
6.85
4.45
9.18
5.1
8.2
2.97
7.11
7.43
5.13
6.32
4.65
7.86
8.96
6.62
9.43
6.44
7.24
9.34
1.0
9.81
1.14
2.99
8.1
1.05
7.14
7.54
1.91
8.96
7.48
7.45
4.9
5.26
3.89
2.64
4.39
8.17
3.61
7.7
7.98
4.43
5.47
1.69
5.15
9.52
7.92
1.72
7.0
3.24
1.52
8.36
8.14
2.83
1.18
3.56
9.97
2.51
3.13
5.59
7.45
2.91
7.87
9.73
9.32
9.09
4.67
4.77
2.83
9.67
5.76
1.73
3.4
3.29
6.59
1.85
5.27
6.96
4.86
1.69
6.1
5.82
1.93
6.94
1.06
4.44
4.0
3.79
8.82
5.74
5.78
3.65
4.6
9.1
8.75
7.71
3.81
2.04
6.03
9.44
5.04
7.55
5.85
2.97
2.18
5.06
2.4
2.37
5.91
7.85
7.88
4.16
1.43
3.24
9.61
1.82
5.94
1.93
6.85
1.24
7.42
9.54
3.06
4.92
6.81
1.9
2.19
7.18
3.05
6.44
6.81
8.72
4.08
9.46
6.46
8.16
7.79
2.04
8.66
4.33
2.66
2.06
3.29
8.72
2.32
5.6
5.45
6.23
8.17
1.7
8.87
1.06
4.46
9.36
9.15
6.9
1.14
8.53
3.7
8.3
8.93
5.75
7.34
7.81
1.63
7.78
2.76
4.17
9.21
2.93
9.81
7.22
2.02
4.11
5.52
1.07
9.67
9.89
4.11
6.46
6.5
6.5
3.4
8.09
1.49
1.34
8.99
6.79
8.39
8.27
5.82
1.27
1.97
9.54
7.78
4.78
7.86
3.05
2.38
5.47
5.74
5.79
9.27
5.02
5.03
2.99
7.8
1.78
4.99
2.63
6.4
4.93
9.79
9.05
9.98
7.09
7.44
8.73
6.61
4.17
7.04
4.1
2.03
5.7
4.03
6.3
4.83
8.95
1.63
1.89
7.49
9.16
8.85
9.5
2.94
7.26
7.22
8.55
1.44
9.37
3.04
3.96
6.79
4.68
4.74
8.75
8.89
3.57
8.92
7.42
7.82
3.08
6.33
3.95
5.17
6.33
8.82
3.91
6.18
8.33
4.04
4.21
3.52
9.32
1.14
10.0
7.12
9.8
3.1
6.03
3.56
6.86
8.59
3.46
5.02
8.44
7.55
2.46
4.13
4.19
7.67
8.34
3.26
4.14
6.36
6.77
7.41
6.79
4.05
6.99
6.95
1.99
7.22
3.18
4.07
9.75
5.99
1.22
5.51
2.13
4.87
1.93
3.61
2.36
3.17
2.05
6.55
1.99
6.37
3.94
5.78
8.15
6.3
7.13
4.98
5.6
1.01
2.72
9.27
5.69
4.29
8.14
9.14
8.5
1.95
8.78
6.59
5.46
2.75
4.93
3.05
4.85
9.02
4.6
9.59
7.14
8.19
9.96
4.37
3.33
2.99
8.87
2.14
7.74
6.22
5.89
5.22
5.63
6.79
7.72
9.0
3.88
1.44
7.51
4.92
7.79
5.48
8.51
3.98
4.0
2.87
3.29
5.31
2.23
2.86
6.32
6.12
1.84
3.12
9.06
8.18
8.0
2.32
2.32
8.32
4.33
6.05
8.22
7.43
3.02
8.41
3.42
9.47
5.34
1.42
2.67
8.93
4.86
9.61
9.28
9.06
3.95
4.69
6.18
8.48
5.12
6.81
3.11
3.44
3.56
3.78
5.32
2.29
6.46
6.8
1.1
5.74
7.85
7.61
6.4
9.16
1.01
5.23
5.97
1.02
9.8
5.35
8.22
7.81
1.94
4.84
7.79
4.26
3.8
5.85
1.89
1.25
9.92
8.03
6.06
5.88
5.47
5.26
3.58
5.71
8.14
4.64
5.2
6.77
1.88
1.05
5.85
2.39
9.13
2.96
9.55
8.66
2.01
5.69
6.15
3.79
2.67
5.69
7.59
5.33
3.56
7.84
2.76
6.27
1.54
5.02
9.47
1.67
9.43
7.35
6.36
7.06
1.86
6.75
7.21
6.56
6.8
9.15
6.36
7.85
9.41
8.49
7.07
9.66
3.54
7.85
7.5
2.47
9.64
7.81
4.09
7.66
2.39
9.56
8.02
1.86
1.67
5.63
1.8
7.83
2.49
2.24
8.87
4.65
5.62
9.56
1.5
5.64
8.17
1.51
8.89
4.18
6.72
8.85
6.66
6.17
5.23
1.32
9.8
9.45
5.87
2.44
3.95
9.05
2.83
9.43
4.47
9.8
7.33
5.0
8.85
6.22
5.63
1.57
5.38
4.88
9.45
9.26
2.54
9.49
3.33
4.7
7.1
7.19
3.7
1.26
6.85
9.6
6.82
5.45
5.17
1.01
7.03
7.47
3.06
3.28
2.5
2.9
8.77
1.52
3.6
6.38
3.07
9.51
2.65
8.68
2.48
9.45
5.47
3.21
6.12
5.49
7.88
1.17
8.67
4.78
9.36
7.48
6.46
7.73
8.44
5.95
3.61
7.37
3.84
4.61
8.32
2.56
7.18
9.99
6.87
9.61
4.86
3.18
9.87
4.41
4.95
3.14
8.72
8.12
9.29
4.86
1.78
2.94
5.7
5.33
3.44
4.96
5.01
3.36
4.75
8.83
1.06
2.84
6.27
3.41
4.33
9.27
8.02
8.49
5.29
6.33
2.3
5.52
8.36
8.87
1.74
5.57
1.47
9.76
6.89
6.16
5.82
1.63
4.18
1.68
9.65
1.64
8.73
2.3
9.91
4.15
3.26
3.12
2.04
2.11
8.61
9.02
3.28
5.17
1.44
1.46
5.24
9.81
8.43
1.93
3.49
7.83
3.36
9.93
4.03
7.35
1.16
5.46
9.5
2.96
6.07
1.8
9.77
5.05
3.33
2.05
2.9
7.35
4.91
3.95
9.12
2.8
6.96
8.18
8.69
4.56
1.19
5.76
3.81
7.76
1.7
6.89
6.63
2.54
4.23
7.43
3.64
4.44
9.6
7.15
6.06
9.25
1.85
1.94
5.59
3.51
9.0
1.94
5.24
6.38
1.19
9.08
6.66
1.01
6.24
8.96
3.59
9.61
7.25
9.38
2.47
2.88
4.91
9.65
9.55
6.68
6.97
8.23
5.25
2.36
3.53
1.59
9.12
3.43
9.24
2.96
2.24
7.55
1.83
8.78
4.13
4.28
6.65
6.52
7.36
3.87
4.51
3.89
6.77
7.22
4.57
3.32
2.56
1.35
6.57
6.63
7.25
8.76
4.43
3.06
8.5
9.88
6.41
2.42
5.1
2.89
5.96
5.47
8.53
1.33
1.34
6.96
6.05
3.29
1.94
3.45
1.81
5.38
4.42
5.41
10.0
1.14
7.7
8.57
8.8
4.11
1.33
8.84
6.74
1.02
4.95
7.41
9.6
5.56
4.76
4.75
9.16
7.28
9.86
9.11
9.3
9.81
6.07
6.23
3.98
3.81
6.99
2.5
1.66
8.32
1.89
3.26
2.44
9.51
4.93
3.5
8.72
9.61
1.34
3.33
6.19
5.79
5.59
5.09
2.92
2.81
6.26
3.79
3.89
4.25
7.68
5.93
3.08
5.74
3.87
8.84
5.72
6.87
6.64
7.96
4.77
6.26
4.04
2.06
2.71
7.36
2.57
8.92
5.62
7.45
4.34
4.66
3.98
5.8
5.83
6.2
5.34
1.13
3.75
3.46
5.13
8.23
1.26
1.88
2.82
9.19
8.59
5.72
8.81
7.26
5.59
6.18
8.98
1.43
1.54
6.04
1.73
5.48
5.8
3.34
5.73
7.28
6.9
1.03
4.85
9.1
5.1
5.29
8.75
2.22
8.5
1.81
5.17
7.17
5.64
1.89
6.41
9.19
4.81
4.82
3.52
8.47
6.91
6.81
2.97
6.01
9.19
3.76
9.88
1.54
7.25
1.27
6.23
5.4
7.36
6.63
6.06
3.17
7.32
5.64
3.75
6.21
9.29
1.44
5.27
2.2
3.03
3.76
5.08
7.16
9.59
2.03
3.35
9.12
8.61
4.85
7.25
8.31
3.57
3.6
8.1
7.27
5.32
1.76
7.77
2.7
2.68
4.78
1.78
9.58
3.21
6.45
4.26
2.1
7.27
5.58
8.24
4.06
5.86
6.86
8.48
8.75
5.98
9.16
9.49
3.45
2.74
9.91
1.94
8.84
2.76
2.05
2.31
1.92
5.06
4.08
2.82
5.92
7.69
6.29
9.81
3.74
2.17
3.16
7.13
7.23
5.67
6.02
6.08
3.94
2.96
9.5
2.13
3.71
3.04
3.3
6.52
2.27
7.64
1.01
6.29
6.93
6.94
1.47
7.54
5.23
4.96
5.38
1.06
9.82
8.74
8.89
9.57
4.27
7.58
6.28
7.01
8.38
7.49
9.01
1.89
8.44
6.14
8.59
4.56
9.47
5.54
7.04
2.76
8.47
4.0
5.12
9.95
2.62
5.38
4.9
6.9
4.8
8.86
9.64
5.71
7.51
4.72
8.65
3.1
8.5
8.17
8.03
9.99
3.01
3.51
7.08
1.89
2.57
4.13
8.04
6.96
7.72
7.66
5.69
6.14
6.73
6.28
1.62
2.9
4.44
7.14
7.57
4.81
2.36
3.64
1.12
5.39
1.89
4.89
7.59
8.8
9.9
1.96
2.57
8.32
5.55
9.71
3.11
3.39
2.96
6.19
7.04
6.84
9.14
5.13
7.58
2.95
6.03
8.39
7.45
2.92
7.89
6.85
2.94
6.16
8.5
6.74
1.93
8.67
7.32
4.19
6.39
3.65
4.64
2.74
9.46
8.76
2.87
7.53
2.22
2.11
2.78
9.43
2.47
6.9
1.5
9.51
3.26
2.88
4.62
8.09
3.5
5.38
8.22
6.65
5.4
3.96
4.2
7.93
3.36
8.86
7.76
9.19
5.58
2.09
2.02
1.77
4.82
4.48
6.24
9.02
2.46
6.19
9.21
7.82
6.84
7.96
3.67
8.4
5.0
3.23
8.16
2.53
6.29
1.52
6.29
1.94
5.22
1.29
9.15
5.28
3.89
9.44
9.26
4.18
9.45
1.16
2.65
7.97
4.37
3.97
7.57
1.35
4.35
6.12
1.52
3.79
8.22
4.97
8.11
2.39
6.83
8.0
6.04
2.65
5.43
4.42
4.56
4.11
8.86
5.62
5.89
6.87
4.87
1.49
1.91
6.93
3.26
8.87
8.46
7.19
1.81
3.04
8.28
2.06
7.84
6.91
3.22
3.04
4.84
8.67
2.07
4.5
4.64
5.2
4.57
2.72
7.62
5.77
7.98
4.98
5.88
8.84
9.42
3.56
8.05
4.22
8.6
7.42
8.32
3.27
3.18
7.01
2.87
2.93
4.95
9.23
2.17
9.46
7.2
1.44
2.69
6.01
9.76
2.06
6.11
8.76
4.39
4.45
3.71
7.9
8.1
5.71
2.91
3.63
8.54
7.63
1.06
4.75
2.82
1.38
1.76
1.13
3.53
1.41
3.73
4.97
4.47
3.31
8.85
8.16
2.76
4.86
4.38
6.52
8.44
6.19
8.93
6.19
8.89
9.53
3.76
5.41
6.16
5.86
6.92
4.57
9.35
7.17
4.14
2.56
9.17
2.8
5.73
6.31
1.05
4.51
3.03
5.41
9.89
6.15
6.33
9.35
9.17
4.25
5.23
8.0
1.12
1.15
4.9
8.43
7.33
4.2
9.82
9.29
2.86
4.87
2.15
8.43
3.66
5.98
4.72
3.3
1.99
1.96
2.9
7.49
2.74
5.53
7.09
3.47
5.65
8.93
9.87
6.82
1.99
7.26
1.17
7.32
3.18
2.0
1.01
5.18
6.05
3.87
3.73
6.52
7.09
9.97
1.84
6.15
9.15
6.51
2.01
6.7
2.68
4.19
8.96
6.35
2.18
7.77
3.91
6.75
6.13
7.55
3.49
4.95
2.11
5.32
4.75
5.25
9.47
1.04
6.2
8.9
4.75
7.94
1.69
1.26
2.7
3.11
8.77
4.36
4.93
3.98
9.76
5.98
6.81
1.17
2.32
8.69
6.45
4.08
1.86
7.14
6.33
9.3
8.89
7.31
8.52
9.15
6.61
4.8
1.69
6.02
8.22
6.82
3.84
9.35
4.56
2.18
9.24
6.42
8.1
4.98
1.35
4.14
6.17
1.89
9.52
2.16
5.5
9.37
7.81
3.74
4.56
6.02
6.08
6.32
1.07
5.59
6.12
5.01
4.84
2.6
1.83
9.46
1.85
3.3
8.95
5.61
4.07
6.75
2.85
1.71
7.11
4.22
2.31
8.79
3.53
2.05
8.74
5.88
7.42
9.4
4.6
4.73
9.37
7.66
7.33
1.88
6.66
7.59
9.26
9.44
8.39
6.0
5.38
6.41
2.94
8.5
9.94
4.52
9.31
5.05
5.18
8.41
1.12
1.09
7.21
2.36
1.74
5.16
9.76
9.59
2.2
5.55
7.56
4.49
4.51
1.48
1.22
6.21
3.67
7.74
1.19
3.66
3.68
7.15
8.5
1.86
9.06
9.72
3.17
3.3
2.39
4.23
6.7
2.11
4.64
6.21
1.75
3.46
3.69
7.02
2.17
1.73
5.55
8.12
9.06
7.93
4.74
2.36
3.07
1.13
1.84
2.78
8.87
1.92
8.67
9.16
6.28
5.18
5.91
6.56
3.22
9.6
9.59
9.13
4.1
7.5
1.34
3.51
8.94
3.96
1.27
2.59
3.11
4.74
7.07
5.51
4.9
9.6
2.81
1.53
9.01
3.46
4.94
6.19
8.57
3.46
9.04
2.29
9.85
2.11
5.47
6.37
3.45
1.78
7.37
8.46
7.3
9.67
3.37
5.31
6.97
8.41
5.45
9.39
3.18
1.31
1.61
9.97
9.42
5.58
8.7
6.41
2.66
6.65
9.39
6.12
9.06
9.3
3.1
9.61
6.17
9.0